,TCGA-02-0047,TCGA-02-0055,TCGA-02-2483,TCGA-02-2485,TCGA-02-2486,TCGA-06-0125,TCGA-06-0129,TCGA-06-0130,TCGA-06-0132,TCGA-06-0141,TCGA-06-0157,TCGA-06-0158,TCGA-06-0168,TCGA-06-0174,TCGA-06-0184,TCGA-06-0187,TCGA-06-0190,TCGA-06-0210,TCGA-06-0211,TCGA-06-0219,TCGA-06-0238,TCGA-06-0644,TCGA-06-0645,TCGA-06-0646,TCGA-06-0649,TCGA-06-0686,TCGA-06-0743,TCGA-06-0744,TCGA-06-0745,TCGA-06-0747,TCGA-06-0749,TCGA-06-0750,TCGA-06-0878,TCGA-06-0882,TCGA-06-1804,TCGA-06-2557,TCGA-06-2558,TCGA-06-2559,TCGA-06-2561,TCGA-06-2562,TCGA-06-2563,TCGA-06-2564,TCGA-06-2565,TCGA-06-2567,TCGA-06-2569,TCGA-06-2570,TCGA-06-5408,TCGA-06-5410,TCGA-06-5411,TCGA-06-5412,TCGA-06-5413,TCGA-06-5414,TCGA-06-5415,TCGA-06-5416,TCGA-06-5417,TCGA-06-5418,TCGA-06-5856,TCGA-06-5858,TCGA-06-5859,TCGA-08-0386,TCGA-12-0616,TCGA-12-0618,TCGA-12-0619,TCGA-12-0821,TCGA-12-1597,TCGA-12-3650,TCGA-12-3652,TCGA-12-3653,TCGA-12-5295,TCGA-12-5299,TCGA-14-0781,TCGA-14-0787,TCGA-14-0789,TCGA-14-0790,TCGA-14-0817,TCGA-14-0871,TCGA-14-1034,TCGA-14-1823,TCGA-14-1825,TCGA-14-1829,TCGA-14-2554,TCGA-15-0742,TCGA-16-0846,TCGA-16-1045,TCGA-19-1390,TCGA-19-1787,TCGA-19-2619,TCGA-19-2620,TCGA-19-2624,TCGA-19-2625,TCGA-19-2629,TCGA-19-4065,TCGA-19-5960,TCGA-26-1442,TCGA-26-5132,TCGA-26-5133,TCGA-26-5134,TCGA-26-5135,TCGA-26-5136,TCGA-26-5139,TCGA-27-1830,TCGA-27-1831,TCGA-27-1832,TCGA-27-1834,TCGA-27-1835,TCGA-27-1837,TCGA-27-2519,TCGA-27-2521,TCGA-27-2523,TCGA-27-2524,TCGA-27-2526,TCGA-27-2528,TCGA-28-1747,TCGA-28-1753,TCGA-28-2499,TCGA-28-2509,TCGA-28-2510,TCGA-28-2513,TCGA-28-2514,TCGA-28-5204,TCGA-28-5207,TCGA-28-5208,TCGA-28-5209,TCGA-28-5213,TCGA-28-5215,TCGA-28-5216,TCGA-28-5218,TCGA-28-5220,TCGA-32-1970,TCGA-32-1980,TCGA-32-1982,TCGA-32-2615,TCGA-32-2616,TCGA-32-2632,TCGA-32-2634,TCGA-32-2638,TCGA-32-4213,TCGA-32-5222,TCGA-41-2571,TCGA-41-2572,TCGA-41-3915,TCGA-41-4097,TCGA-41-5651,TCGA-76-4925,TCGA-76-4926,TCGA-76-4927,TCGA-76-4928,TCGA-76-4929,TCGA-76-4931,TCGA-76-4932
TCGA-02-0047,1.0,0.05714285714285714,0.75,0.696969696969697,0.8225806451612904,0.9285714285714286,0.7230769230769231,0.06153846153846154,0.9733333333333334,0.8260869565217391,0.03333333333333333,0.8805970149253731,0.4782608695652174,0.9076923076923077,0.59375,0.4393939393939394,0.029850746268656716,0.19696969696969696,0.8208955223880597,0.9558823529411765,0.030303030303030304,0.7910447761194029,0.9104477611940298,0.328125,0.967741935483871,0.14925373134328357,0.029850746268656716,0.09090909090909091,0.45614035087719296,0.16923076923076924,0.65625,0.85,0.8955223880597015,0.06896551724137931,0.8709677419354839,0.7352941176470589,0.07142857142857142,0.109375,0.1,0.2753623188405797,0.2903225806451613,0.14285714285714285,0.5714285714285714,0.7419354838709677,0.6986301369863014,0.711864406779661,0.2898550724637681,0.4225352112676056,0.7428571428571429,0.2413793103448276,0.20588235294117646,0.328125,0.05555555555555555,0.7142857142857143,0.6901408450704225,0.7777777777777778,0.8805970149253731,0.515625,0.9838709677419355,0.9508196721311475,0.2786885245901639,0.11428571428571428,0.65625,0.8732394366197183,0.015384615384615385,0.9850746268656716,0.9104477611940298,0.30434782608695654,0.19672131147540983,0.9365079365079365,0.6491228070175439,0.9253731343283582,0.6666666666666666,0.2916666666666667,0.07352941176470588,0.7272727272727273,0.04225352112676056,0.171875,0.09523809523809523,0.9661016949152542,0.11428571428571428,0.6567164179104478,0.6229508196721312,0.14084507042253522,0.12,0.4626865671641791,0.9552238805970149,0.8064516129032258,0.84375,0.6363636363636364,0.6666666666666666,0.8507462686567164,0.11666666666666667,0.7611940298507462,0.35384615384615387,0.6666666666666666,0.967741935483871,0.06060606060606061,0.43478260869565216,0.2903225806451613,0.09090909090909091,0.9,0.9402985074626866,0.8059701492537313,0.2777777777777778,0.4375,0.3333333333333333,0.7058823529411765,0.07142857142857142,0.6176470588235294,0.6438356164383562,0.2647058823529412,0.8507462686567164,0.06451612903225806,0.8852459016393442,0.6470588235294118,0.6984126984126984,0.15151515151515152,0.6363636363636364,0.14705882352941177,0.9354838709677419,0.927536231884058,0.027777777777777776,0.140625,0.5942028985507246,0.058823529411764705,0.9411764705882353,0.9333333333333333,0.14925373134328357,0.13846153846153847,0.08823529411764706,0.9354838709677419,0.4583333333333333,0.03076923076923077,0.6461538461538462,0.921875,0.08450704225352113,0.22950819672131148,0.11594202898550725,0.028169014084507043,0.5652173913043478,0.3888888888888889,0.22388059701492538,0.4,0.13846153846153847,0.7794117647058824,0.9354838709677419,0.2463768115942029,0.12121212121212122,0.9411764705882353
TCGA-02-0055,0.05714285714285714,1.0,0.1095890410958904,0.11940298507462686,0.046875,0.07142857142857142,0.13846153846153847,0.953125,0.05555555555555555,0.14925373134328357,0.5172413793103449,0.045454545454545456,0.125,0.047619047619047616,0.1774193548387097,0.07246376811594203,0.9264705882352942,0.015384615384615385,0.030303030303030304,0.07352941176470588,0.0,0.09090909090909091,0.1076923076923077,0.03125,0.047619047619047616,0.796875,0.859375,0.8970588235294118,0.5932203389830508,0.8235294117647058,0.06060606060606061,0.11864406779661017,0.07142857142857142,0.9180327868852459,0.01639344262295082,0.07246376811594203,0.0,0.047619047619047616,0.8194444444444444,0.7428571428571429,0.0,0.84375,0.2608695652173913,0.109375,0.14084507042253522,0.15625,0.014705882352941176,0.08571428571428572,0.11594202898550725,0.04918032786885246,0.835820895522388,0.03225806451612903,0.5857142857142857,0.1388888888888889,0.15942028985507245,0.07575757575757576,0.03076923076923077,0.35384615384615387,0.0847457627118644,0.1016949152542373,0.6451612903225806,0.03076923076923077,0.109375,0.06944444444444445,0.5362318840579711,0.05714285714285714,0.06060606060606061,0.014084507042253521,0.84375,0.0625,0.1746031746031746,0.07575757575757576,0.04411764705882353,0.0136986301369863,0.7272727272727273,0.12307692307692308,0.5915492957746479,0.78125,0.9322033898305084,0.04918032786885246,0.8115942028985508,0.029850746268656716,0.19047619047619047,0.8840579710144928,0.7567567567567568,0.4461538461538462,0.10294117647058823,0.05084745762711865,0.06153846153846154,0.12307692307692308,0.18181818181818182,0.12121212121212122,0.8793103448275862,0.09859154929577464,0.6507936507936508,0.16666666666666666,0.09375,0.0,0.07246376811594203,0.6153846153846154,0.9365079365079365,0.043478260869565216,0.07352941176470588,0.14492753623188406,0.0,0.06060606060606061,0.15625,0.15942028985507245,0.5070422535211268,0.21739130434782608,0.17567567567567569,0.0,0.03076923076923077,0.96875,0.015873015873015872,0.2,0.09523809523809523,0.7272727272727273,0.08955223880597014,0.8,0.04918032786885246,0.058823529411764705,0.75,0.15625,0.08571428571428572,0.8405797101449275,0.07246376811594203,0.09836065573770492,0.5,0.8923076923076924,0.5441176470588235,0.09375,0.323943661971831,0.2923076923076923,0.21212121212121213,0.06557377049180328,0.875,0.016666666666666666,0.13043478260869565,0.4411764705882353,0.15492957746478872,0.5,0.0,0.21739130434782608,0.8333333333333334,0.09375,0.06153846153846154,0.04411764705882353,0.7727272727272727,0.07462686567164178
TCGA-02-2483,0.75,0.1095890410958904,1.0,0.8169014084507042,0.6301369863013698,0.6410256410256411,1.0,0.19444444444444445,0.7142857142857143,0.8571428571428571,0.0,0.6428571428571429,0.48717948717948717,0.6567164179104478,0.9130434782608695,0.39436619718309857,0.16216216216216217,0.22857142857142856,0.5555555555555556,0.6944444444444444,0.05714285714285714,0.75,0.625,0.25,0.7101449275362319,0.09722222222222222,0.15942028985507245,0.1388888888888889,0.25757575757575757,0.08450704225352113,0.5774647887323944,0.5873015873015873,0.6933333333333334,0.045454545454545456,0.6119402985074627,0.8378378378378378,0.06578947368421052,0.13043478260869565,0.025974025974025976,0.12,0.2537313432835821,0.10144927536231885,0.4520547945205479,0.8382352941176471,0.9367088607594937,1.0,0.2702702702702703,0.47368421052631576,0.6351351351351351,0.2222222222222222,0.0958904109589041,0.18309859154929578,0.013513513513513514,0.9210526315789473,0.987012987012987,0.5797101449275363,0.6438356164383562,0.75,0.7352941176470589,0.7121212121212122,0.208955223880597,0.136986301369863,0.7611940298507462,0.782051282051282,0.0,0.72,0.6805555555555556,0.24358974358974358,0.1,0.6527777777777778,0.6923076923076923,0.6216216216216216,0.3918918918918919,0.25316455696202533,0.14864864864864866,0.96,0.18421052631578946,0.09722222222222222,0.2,0.6515151515151515,0.041666666666666664,0.5694444444444444,0.8208955223880597,0.038461538461538464,0.18518518518518517,0.6666666666666666,0.6571428571428571,0.5873015873015873,0.647887323943662,0.7714285714285715,0.5064935064935064,0.875,0.109375,0.9466666666666667,0.2753623188405797,0.9452054794520548,0.6857142857142857,0.014084507042253521,0.5974025974025974,0.18571428571428572,0.18571428571428572,0.6266666666666667,0.7083333333333334,0.5974025974025974,0.18666666666666668,0.391304347826087,0.5714285714285714,0.9868421052631579,0.012987012987012988,0.7297297297297297,0.6582278481012658,0.17142857142857143,0.6428571428571429,0.15714285714285714,0.6307692307692307,0.8714285714285714,0.671875,0.15492957746478872,0.4657534246575342,0.0410958904109589,0.6470588235294118,0.6666666666666666,0.0136986301369863,0.015151515151515152,0.7733333333333333,0.125,0.6533333333333333,0.71875,0.26666666666666666,0.11764705882352941,0.05263157894736842,0.7205882352941176,0.7721518987341772,0.0,0.6268656716417911,0.6714285714285714,0.07792207792207792,0.13043478260869565,0.0684931506849315,0.012987012987012988,0.7916666666666666,0.3466666666666667,0.1,0.5394736842105263,0.056338028169014086,0.527027027027027,0.6901408450704225,0.3466666666666667,0.028169014084507043,0.6666666666666666
TCGA-02-2485,0.696969696969697,0.11940298507462686,0.8169014084507042,1.0,0.6612903225806451,0.6764705882352942,0.7538461538461538,0.12903225806451613,0.7101449275362319,0.7727272727272727,0.0,0.7049180327868853,0.4857142857142857,0.7049180327868853,0.7619047619047619,0.5151515151515151,0.15625,0.1935483870967742,0.6612903225806451,0.7142857142857143,0.03278688524590164,0.75,0.6515151515151515,0.2153846153846154,0.71875,0.125,0.2,0.12307692307692308,0.3103448275862069,0.11764705882352941,0.6417910447761194,0.6666666666666666,0.6911764705882353,0.15517241379310345,0.7017543859649122,0.75,0.028985507246376812,0.171875,0.1111111111111111,0.12307692307692308,0.15254237288135594,0.11864406779661017,0.578125,0.7457627118644068,0.75,0.7833333333333333,0.21212121212121213,0.4925373134328358,0.7164179104477612,0.24561403508771928,0.12307692307692308,0.1864406779661017,0.03076923076923077,0.8059701492537313,0.796875,0.639344262295082,0.6875,0.5396825396825397,0.7413793103448276,0.7142857142857143,0.3157894736842105,0.203125,0.7580645161290323,0.7222222222222222,0.04477611940298507,0.703125,0.7076923076923077,0.23529411764705882,0.16129032258064516,0.6417910447761194,0.7241379310344828,0.7384615384615385,0.4375,0.28169014084507044,0.15873015873015872,0.782608695652174,0.2318840579710145,0.13333333333333333,0.11475409836065574,0.6610169491525424,0.12698412698412698,0.6363636363636364,0.7666666666666667,0.11428571428571428,0.1111111111111111,0.49206349206349204,0.6507936507936508,0.6545454545454545,0.6935483870967742,0.7301587301587301,0.640625,0.7272727272727273,0.13559322033898305,0.746268656716418,0.2786885245901639,0.7538461538461538,0.75,0.015625,0.5303030303030303,0.25,0.16129032258064516,0.6716417910447762,0.6984126984126984,0.6307692307692307,0.17391304347826086,0.47540983606557374,0.5,0.746268656716418,0.030303030303030304,0.7272727272727273,0.7142857142857143,0.1746031746031746,0.6984126984126984,0.18032786885245902,0.6842105263157895,0.7777777777777778,0.7333333333333333,0.2222222222222222,0.46153846153846156,0.11864406779661017,0.7049180327868853,0.6666666666666666,0.12121212121212122,0.05,0.7205882352941176,0.13636363636363635,0.6818181818181818,0.7288135593220338,0.23529411764705882,0.09090909090909091,0.04411764705882353,0.711864406779661,0.6231884057971014,0.016129032258064516,0.6271186440677966,0.7068965517241379,0.1323529411764706,0.15517241379310345,0.1076923076923077,0.04411764705882353,0.7424242424242424,0.39705882352941174,0.15873015873015872,0.5230769230769231,0.1076923076923077,0.6666666666666666,0.7049180327868853,0.25757575757575757,0.12698412698412698,0.7076923076923077
TCGA-02-2486,0.8225806451612904,0.046875,0.6301369863013698,0.6612903225806451,1.0,0.8088235294117647,0.5806451612903226,0.08196721311475409,0.8484848484848485,0.7014925373134329,0.0,0.8,0.42028985507246375,0.8666666666666667,0.5245901639344263,0.4262295081967213,0.06451612903225806,0.11864406779661017,0.8769230769230769,0.8709677419354839,0.01639344262295082,0.8225806451612904,0.7868852459016393,0.3,0.8253968253968254,0.203125,0.06896551724137931,0.12121212121212122,0.40350877192982454,0.16923076923076924,0.6935483870967742,0.8135593220338984,0.796875,0.10714285714285714,0.8225806451612904,0.676923076923077,0.04477611940298507,0.11290322580645161,0.11594202898550725,0.2727272727272727,0.3220338983050847,0.15873015873015872,0.49230769230769234,0.746031746031746,0.6323529411764706,0.603448275862069,0.3384615384615385,0.417910447761194,0.6153846153846154,0.23728813559322035,0.1875,0.25806451612903225,0.03278688524590164,0.6811594202898551,0.6470588235294118,0.75,0.8153846153846154,0.43548387096774194,0.8793103448275862,0.8305084745762712,0.26229508196721313,0.09230769230769231,0.7377049180327869,0.7761194029850746,0.015873015873015872,0.8461538461538461,0.859375,0.30434782608695654,0.1896551724137931,0.8939393939393939,0.6557377049180327,0.8307692307692308,0.6,0.3333333333333333,0.15625,0.6363636363636364,0.04477611940298507,0.1935483870967742,0.08620689655172414,0.8793103448275862,0.12698412698412698,0.7611940298507462,0.6491228070175439,0.10144927536231885,0.0821917808219178,0.49230769230769234,0.8524590163934426,0.8421052631578947,0.84375,0.6065573770491803,0.6515151515151515,0.7692307692307693,0.13793103448275862,0.6111111111111112,0.2833333333333333,0.5384615384615384,0.9,0.031746031746031744,0.4,0.3,0.13333333333333333,0.8571428571428571,0.8923076923076924,0.7076923076923077,0.2153846153846154,0.4642857142857143,0.3548387096774194,0.5882352941176471,0.015384615384615385,0.5692307692307692,0.6029411764705882,0.16666666666666666,0.8571428571428571,0.04838709677419355,0.8596491228070176,0.532258064516129,0.6206896551724138,0.21875,0.5,0.16393442622950818,0.8909090909090909,0.8688524590163934,0.03125,0.08333333333333333,0.5606060606060606,0.07575757575757576,0.8153846153846154,0.8392857142857143,0.12307692307692308,0.12280701754385964,0.07462686567164178,0.8305084745762712,0.4057971014492754,0.016129032258064516,0.559322033898305,0.85,0.1044776119402985,0.20689655172413793,0.078125,0.058823529411764705,0.5538461538461539,0.27692307692307694,0.18032786885245902,0.3235294117647059,0.11475409836065574,0.71875,0.8852459016393442,0.3333333333333333,0.140625,0.859375
TCGA-06-0125,0.9285714285714286,0.07142857142857142,0.6410256410256411,0.6764705882352942,0.8088235294117647,1.0,0.5942028985507246,0.07246376811594203,0.96,0.7361111111111112,0.03125,0.9420289855072463,0.410958904109589,1.0,0.582089552238806,0.4492753623188406,0.05714285714285714,0.18309859154929578,0.9,0.9,0.029850746268656716,0.8142857142857143,0.9166666666666666,0.3333333333333333,0.9264705882352942,0.19402985074626866,0.10294117647058823,0.08333333333333333,0.49230769230769234,0.19117647058823528,0.7571428571428571,0.9242424242424242,0.8333333333333334,0.1774193548387097,0.953125,0.6666666666666666,0.06666666666666667,0.12307692307692308,0.21052631578947367,0.2916666666666667,0.234375,0.16417910447761194,0.6388888888888888,0.7727272727272727,0.6052631578947368,0.6212121212121212,0.2702702702702703,0.4189189189189189,0.7183098591549296,0.19672131147540983,0.2463768115942029,0.29411764705882354,0.056338028169014086,0.6756756756756757,0.631578947368421,0.7536231884057971,0.9565217391304348,0.3939393939393939,0.9682539682539683,0.8923076923076924,0.36923076923076925,0.11267605633802817,0.7272727272727273,0.8933333333333333,0.02857142857142857,0.9166666666666666,0.9710144927536232,0.24324324324324326,0.2537313432835821,0.9545454545454546,0.640625,0.9436619718309859,0.6521739130434783,0.3717948717948718,0.08695652173913043,0.6575342465753424,0.041666666666666664,0.136986301369863,0.07936507936507936,0.9076923076923077,0.2361111111111111,0.7058823529411765,0.609375,0.21621621621621623,0.0875,0.4444444444444444,0.9428571428571428,0.9193548387096774,0.9420289855072463,0.6029411764705882,0.6956521739130435,0.8169014084507042,0.140625,0.6666666666666666,0.37681159420289856,0.6111111111111112,0.9402985074626866,0.043478260869565216,0.323943661971831,0.3880597014925373,0.10294117647058823,0.9452054794520548,0.9,0.8243243243243243,0.273972602739726,0.4696969696969697,0.2898550724637681,0.581081081081081,0.0958904109589041,0.5972222222222222,0.6666666666666666,0.2753623188405797,0.9571428571428572,0.08823529411764706,0.9322033898305084,0.6029411764705882,0.746031746031746,0.15714285714285714,0.5285714285714286,0.22388059701492538,0.984375,0.9420289855072463,0.09722222222222222,0.13846153846153847,0.5138888888888888,0.07246376811594203,0.9436619718309859,0.9354838709677419,0.2112676056338028,0.12121212121212122,0.12162162162162163,0.8787878787878788,0.3783783783783784,0.045454545454545456,0.671875,0.8676470588235294,0.16216216216216217,0.25757575757575757,0.0958904109589041,0.02702702702702703,0.5616438356164384,0.4473684210526316,0.19117647058823528,0.3466666666666667,0.21739130434782608,0.835820895522388,0.9402985074626866,0.20833333333333334,0.2318840579710145,0.9594594594594594
TCGA-06-0129,0.7230769230769231,0.13846153846153847,1.0,0.7538461538461538,0.5806451612903226,0.5942028985507246,1.0,0.19402985074626866,0.6716417910447762,0.8507462686567164,0.0,0.5909090909090909,0.5142857142857142,0.625,0.9193548387096774,0.390625,0.1791044776119403,0.26153846153846155,0.49230769230769234,0.696969696969697,0.07692307692307693,0.7205882352941176,0.6307692307692307,0.2463768115942029,0.6818181818181818,0.0967741935483871,0.15151515151515152,0.15625,0.2786885245901639,0.1111111111111111,0.5074626865671642,0.5084745762711864,0.6865671641791045,0.034482758620689655,0.578125,0.8235294117647058,0.08571428571428572,0.13846153846153847,0.0410958904109589,0.14925373134328357,0.21311475409836064,0.11290322580645161,0.4153846153846154,0.8032786885245902,0.9444444444444444,1.0,0.27692307692307694,0.5072463768115942,0.6268656716417911,0.19642857142857142,0.10606060606060606,0.2,0.015151515151515152,0.9142857142857143,0.9850746268656716,0.5151515151515151,0.5522388059701493,0.7692307692307693,0.6896551724137931,0.7096774193548387,0.2,0.13846153846153847,0.7213114754098361,0.7631578947368421,0.0,0.7058823529411765,0.6,0.2676056338028169,0.10606060606060606,0.6212121212121212,0.6271186440677966,0.5692307692307692,0.3880597014925373,0.16901408450704225,0.16666666666666666,0.9850746268656716,0.17142857142857143,0.12307692307692308,0.23728813559322035,0.6440677966101694,0.04411764705882353,0.5223880597014925,0.8064516129032258,0.043478260869565216,0.19480519480519481,0.6212121212121212,0.6031746031746031,0.5081967213114754,0.6060606060606061,0.7377049180327869,0.4852941176470588,0.8461538461538461,0.13333333333333333,0.9701492537313433,0.2786885245901639,0.9714285714285714,0.6612903225806451,0.03125,0.6086956521739131,0.15151515151515152,0.203125,0.5606060606060606,0.6818181818181818,0.5882352941176471,0.15492957746478872,0.3968253968253968,0.6229508196721312,1.0,0.014925373134328358,0.7222222222222222,0.6056338028169014,0.109375,0.5645161290322581,0.18461538461538463,0.5614035087719298,0.8939393939393939,0.6101694915254238,0.15625,0.4852941176470588,0.06060606060606061,0.6031746031746031,0.6470588235294118,0.014925373134328358,0.016666666666666666,0.7352941176470589,0.11594202898550725,0.6231884057971014,0.6610169491525424,0.25757575757575757,0.14285714285714285,0.043478260869565216,0.7377049180327869,0.7536231884057971,0.0,0.6101694915254238,0.6129032258064516,0.07246376811594203,0.15873015873015872,0.07692307692307693,0.014492753623188406,0.8,0.36231884057971014,0.07936507936507936,0.5735294117647058,0.05970149253731343,0.4925373134328358,0.6515151515151515,0.35294117647058826,0.015151515151515152,0.625
TCGA-06-0130,0.06153846153846154,0.953125,0.19444444444444445,0.12903225806451613,0.08196721311475409,0.07246376811594203,0.19402985074626866,1.0,0.07462686567164178,0.125,0.42857142857142855,0.04918032786885246,0.1044776119402985,0.06349206349206349,0.20967741935483872,0.03076923076923077,1.0,0.0,0.06349206349206349,0.06349206349206349,0.0,0.140625,0.12903225806451613,0.031746031746031744,0.06451612903225806,0.8225806451612904,0.890625,0.9508196721311475,0.5344827586206896,0.8571428571428571,0.0625,0.10344827586206896,0.0625,0.8596491228070176,0.031746031746031744,0.140625,0.0,0.01639344262295082,0.8235294117647058,0.7272727272727273,0.016129032258064516,0.8412698412698413,0.265625,0.1864406779661017,0.1917808219178082,0.19672131147540983,0.0,0.07246376811594203,0.10144927536231885,0.01818181818181818,0.8382352941176471,0.015625,0.5538461538461539,0.16417910447761194,0.18840579710144928,0.06349206349206349,0.06153846153846154,0.4098360655737705,0.06896551724137931,0.1,0.7321428571428571,0.015384615384615385,0.11290322580645161,0.10144927536231885,0.5076923076923077,0.0625,0.07462686567164178,0.014705882352941176,0.8166666666666667,0.06451612903225806,0.15517241379310345,0.07692307692307693,0.04411764705882353,0.0,0.8125,0.15625,0.6176470588235294,0.7538461538461538,0.9661016949152542,0.05357142857142857,0.8208955223880597,0.03125,0.2,0.8656716417910447,0.7297297297297297,0.46875,0.08196721311475409,0.06896551724137931,0.08064516129032258,0.12903225806451613,0.1875,0.15384615384615385,0.9137931034482759,0.12307692307692308,0.7166666666666667,0.2028985507246377,0.08064516129032258,0.0,0.12307692307692308,0.6129032258064516,0.96875,0.058823529411764705,0.07462686567164178,0.11764705882352941,0.0,0.06666666666666667,0.14516129032258066,0.2,0.5151515151515151,0.1791044776119403,0.16176470588235295,0.0,0.06349206349206349,0.9833333333333333,0.01694915254237288,0.18461538461538463,0.09090909090909091,0.734375,0.07575757575757576,0.7936507936507936,0.08196721311475409,0.06666666666666667,0.78125,0.15,0.109375,0.84375,0.05970149253731343,0.10344827586206896,0.5671641791044776,0.9047619047619048,0.5,0.08064516129032258,0.4,0.265625,0.21875,0.06349206349206349,0.8656716417910447,0.0,0.10606060606060606,0.48484848484848486,0.15384615384615385,0.5076923076923077,0.0,0.16176470588235295,0.8387096774193549,0.09090909090909091,0.08333333333333333,0.03076923076923077,0.8,0.07692307692307693
TCGA-06-0132,0.9733333333333334,0.05555555555555555,0.7142857142857143,0.7101449275362319,0.8484848484848485,0.96,0.6716417910447762,0.07462686567164178,1.0,0.8169014084507042,0.03125,0.9104477611940298,0.4246575342465753,0.9402985074626866,0.582089552238806,0.45714285714285713,0.058823529411764705,0.17142857142857143,0.8823529411764706,0.9705882352941176,0.029411764705882353,0.8,0.927536231884058,0.34328358208955223,0.9692307692307692,0.19402985074626866,0.06060606060606061,0.1,0.4444444444444444,0.21739130434782608,0.7058823529411765,0.9032258064516129,0.9,0.12307692307692308,0.921875,0.7777777777777778,0.05405405405405406,0.12121212121212122,0.13513513513513514,0.3424657534246575,0.25757575757575757,0.18181818181818182,0.5833333333333334,0.765625,0.6756756756756757,0.65625,0.2876712328767123,0.4266666666666667,0.7142857142857143,0.23728813559322035,0.2318840579710145,0.3333333333333333,0.04285714285714286,0.6805555555555556,0.6712328767123288,0.7971014492753623,0.9142857142857143,0.4626865671641791,0.984375,0.9333333333333333,0.3181818181818182,0.12857142857142856,0.6875,0.8783783783783784,0.014492753623188406,1.0,0.9285714285714286,0.2702702702702703,0.22727272727272727,0.9701492537313433,0.6451612903225806,0.9130434782608695,0.6666666666666666,0.32432432432432434,0.11940298507462686,0.7058823529411765,0.04054054054054054,0.16417910447761194,0.10606060606060606,0.9682539682539683,0.15714285714285714,0.6865671641791045,0.65625,0.1506849315068493,0.07792207792207792,0.4411764705882353,0.9705882352941176,0.8688524590163934,0.8939393939393939,0.6176470588235294,0.704225352112676,0.8194444444444444,0.171875,0.7101449275362319,0.3582089552238806,0.6338028169014085,0.9850746268656716,0.043478260869565216,0.43661971830985913,0.3484848484848485,0.1044776119402985,0.9315068493150684,0.9428571428571428,0.8055555555555556,0.2876712328767123,0.44776119402985076,0.2835820895522388,0.647887323943662,0.06944444444444445,0.6142857142857143,0.6712328767123288,0.2714285714285714,0.8970588235294118,0.07575757575757576,0.9365079365079365,0.6056338028169014,0.6885245901639344,0.17142857142857143,0.582089552238806,0.18181818181818182,0.9393939393939394,0.9565217391304348,0.05714285714285714,0.14285714285714285,0.5555555555555556,0.04285714285714286,0.9436619718309859,0.9682539682539683,0.15714285714285714,0.13636363636363635,0.08695652173913043,0.9230769230769231,0.43243243243243246,0.030303030303030304,0.671875,0.9090909090909091,0.1095890410958904,0.27419354838709675,0.10810810810810811,0.04054054054054054,0.5555555555555556,0.38666666666666666,0.20588235294117646,0.352112676056338,0.14705882352941177,0.8,0.9705882352941176,0.2676056338028169,0.14705882352941177,0.9855072463768116
TCGA-06-0141,0.8260869565217391,0.14925373134328357,0.8571428571428571,0.7727272727272727,0.7014925373134329,0.7361111111111112,0.8507462686567164,0.125,0.8169014084507042,1.0,0.0,0.6716417910447762,0.4507042253521127,0.7384615384615385,0.7313432835820896,0.36363636363636365,0.08955223880597014,0.14705882352941177,0.6231884057971014,0.8059701492537313,0.043478260869565216,0.7391304347826086,0.7230769230769231,0.3076923076923077,0.8059701492537313,0.1044776119402985,0.12121212121212122,0.11594202898550725,0.4032258064516129,0.11428571428571428,0.6363636363636364,0.6440677966101694,0.7391304347826086,0.10344827586206896,0.6935483870967742,0.6911764705882353,0.05714285714285714,0.09230769230769231,0.0547945205479452,0.23529411764705882,0.25806451612903225,0.12121212121212122,0.417910447761194,0.71875,0.8028169014084507,0.8225806451612904,0.2676056338028169,0.4492753623188406,0.6029411764705882,0.26666666666666666,0.16666666666666666,0.26153846153846155,0.05714285714285714,0.8533333333333334,0.821917808219178,0.625,0.6865671641791045,0.5606060606060606,0.84375,0.8360655737704918,0.23076923076923078,0.1,0.6885245901639344,0.7972972972972973,0.0,0.8382352941176471,0.7692307692307693,0.28169014084507044,0.15151515151515152,0.7846153846153846,0.6440677966101694,0.746268656716418,0.5,0.2916666666666667,0.15384615384615385,0.8428571428571429,0.16901408450704225,0.18840579710144928,0.18032786885245902,0.7936507936507936,0.07352941176470588,0.6417910447761194,0.6825396825396826,0.1,0.2,0.5970149253731343,0.7727272727272727,0.639344262295082,0.696969696969697,0.6923076923076923,0.6438356164383562,0.8507462686567164,0.1206896551724138,0.8169014084507042,0.31746031746031744,0.782608695652174,0.8225806451612904,0.015384615384615385,0.4927536231884058,0.25,0.16176470588235295,0.7142857142857143,0.8028169014084507,0.5915492957746479,0.18571428571428572,0.3114754098360656,0.4461538461538462,0.8194444444444444,0.056338028169014086,0.6338028169014085,0.6216216216216216,0.20588235294117646,0.6923076923076923,0.16417910447761194,0.7288135593220338,0.6956521739130435,0.5873015873015873,0.23880597014925373,0.5606060606060606,0.10144927536231885,0.7096774193548387,0.746268656716418,0.029411764705882353,0.06451612903225806,0.7222222222222222,0.11428571428571428,0.7681159420289855,0.7833333333333333,0.18840579710144928,0.125,0.07142857142857142,0.8769230769230769,0.676056338028169,0.0,0.5806451612903226,0.8412698412698413,0.07042253521126761,0.140625,0.058823529411764705,0.0136986301369863,0.6363636363636364,0.39436619718309857,0.14925373134328357,0.43661971830985913,0.07142857142857142,0.5857142857142857,0.7846153846153846,0.3333333333333333,0.06153846153846154,0.7910447761194029
TCGA-06-0157,0.03333333333333333,0.5172413793103449,0.0,0.0,0.0,0.03125,0.0,0.42857142857142855,0.03125,0.0,1.0,0.03278688524590164,0.015873015873015872,0.015873015873015872,0.0,0.016666666666666666,0.4166666666666667,0.3389830508474576,0.03278688524590164,0.01694915254237288,0.3548387096774194,0.016666666666666666,0.06779661016949153,0.23809523809523808,0.03333333333333333,0.45454545454545453,0.3728813559322034,0.5172413793103449,0.2692307692307692,0.4406779661016949,0.0,0.037037037037037035,0.03389830508474576,0.5555555555555556,0.03571428571428571,0.03278688524590164,0.3333333333333333,0.24561403508771928,0.49230769230769234,0.4126984126984127,0.19642857142857142,0.5272727272727272,0.15789473684210525,0.0,0.0,0.0,0.22580645161290322,0.0,0.03076923076923077,0.26,0.4745762711864407,0.2542372881355932,0.36666666666666664,0.0,0.0,0.0,0.03225806451612903,0.15789473684210525,0.01818181818181818,0.0,0.37037037037037035,0.36507936507936506,0.0,0.029850746268656716,0.5409836065573771,0.01639344262295082,0.03225806451612903,0.15384615384615385,0.5344827586206896,0.016666666666666666,0.0,0.03225806451612903,0.031746031746031744,0.2153846153846154,0.39344262295081966,0.0,0.2923076923076923,0.41379310344827586,0.4576271186440678,0.017241379310344827,0.4603174603174603,0.0,0.017543859649122806,0.5396825396825397,0.36231884057971014,0.14285714285714285,0.01694915254237288,0.019230769230769232,0.03333333333333333,0.0,0.08064516129032258,0.0,0.4716981132075472,0.0,0.3220338983050847,0.0,0.034482758620689655,0.39655172413793105,0.1076923076923077,0.3684210526315789,0.45901639344262296,0.03125,0.03125,0.030303030303030304,0.3076923076923077,0.017543859649122806,0.0,0.0,0.4032258064516129,0.0,0.015151515151515152,0.29310344827586204,0.01694915254237288,0.47540983606557374,0.05555555555555555,0.0,0.0,0.42105263157894735,0.0,0.49122807017543857,0.017241379310344827,0.03278688524590164,0.5084745762711864,0.375,0.0,0.4067796610169492,0.03278688524590164,0.038461538461538464,0.296875,0.4727272727272727,0.3333333333333333,0.0,0.06060606060606061,0.4482758620689655,0.09090909090909091,0.03333333333333333,0.532258064516129,0.38181818181818183,0.4603174603174603,0.4032258064516129,0.0,0.3333333333333333,0.3620689655172414,0.0,0.4745762711864407,0.03333333333333333,0.03389830508474576,0.18032786885245902,0.5333333333333333,0.03389830508474576
TCGA-06-0158,0.8805970149253731,0.045454545454545456,0.6428571428571429,0.7049180327868853,0.8,0.9420289855072463,0.5909090909090909,0.04918032786885246,0.9104477611940298,0.6716417910447762,0.03278688524590164,1.0,0.4507042253521127,0.9354838709677419,0.532258064516129,0.5238095238095238,0.047619047619047616,0.16923076923076924,0.9076923076923077,0.8571428571428571,0.03076923076923077,0.8125,0.8888888888888888,0.3333333333333333,0.890625,0.18032786885245902,0.07575757575757576,0.06451612903225806,0.4,0.18461538461538463,0.7419354838709677,0.9491525423728814,0.8615384615384616,0.14035087719298245,0.9836065573770492,0.7727272727272727,0.07352941176470588,0.13333333333333333,0.21428571428571427,0.23529411764705882,0.2857142857142857,0.171875,0.625,0.7540983606557377,0.5915492957746479,0.576271186440678,0.2878787878787879,0.43283582089552236,0.7121212121212122,0.19230769230769232,0.1774193548387097,0.3050847457627119,0.030303030303030304,0.6417910447761194,0.5882352941176471,0.8,0.9538461538461539,0.3709677419354839,0.9166666666666666,0.864406779661017,0.39344262295081966,0.12121212121212122,0.7333333333333333,0.8285714285714286,0.029850746268656716,0.8636363636363636,0.96875,0.3333333333333333,0.1864406779661017,0.9322033898305084,0.5892857142857143,0.9117647058823529,0.6557377049180327,0.34782608695652173,0.0967741935483871,0.6666666666666666,0.1,0.12698412698412698,0.08333333333333333,0.9090909090909091,0.23880597014925373,0.676923076923077,0.6101694915254238,0.16417910447761194,0.06756756756756757,0.4126984126984127,0.9047619047619048,0.9833333333333333,0.9848484848484849,0.6271186440677966,0.6212121212121212,0.7846153846153846,0.15789473684210525,0.6212121212121212,0.3548387096774194,0.5882352941176471,0.9,0.08064516129032258,0.3,0.3548387096774194,0.0625,0.9848484848484849,0.8507462686567164,0.7971014492753623,0.2647058823529412,0.5333333333333333,0.3442622950819672,0.5522388059701493,0.07352941176470588,0.5882352941176471,0.6619718309859155,0.27419354838709675,0.9682539682539683,0.04918032786885246,0.9272727272727272,0.578125,0.7903225806451613,0.12903225806451613,0.5303030303030303,0.24193548387096775,0.9354838709677419,0.9393939393939394,0.11764705882352941,0.15,0.5428571428571428,0.045454545454545456,0.8805970149253731,0.8793103448275862,0.2153846153846154,0.11864406779661017,0.12121212121212122,0.8135593220338984,0.34328358208955223,0.045454545454545456,0.6290322580645161,0.8135593220338984,0.15492957746478872,0.22807017543859648,0.10606060606060606,0.014705882352941176,0.5454545454545454,0.36764705882352944,0.21666666666666667,0.34782608695652173,0.2222222222222222,0.859375,0.9230769230769231,0.2028985507246377,0.23333333333333334,0.921875
TCGA-06-0168,0.4782608695652174,0.125,0.48717948717948717,0.4857142857142857,0.42028985507246375,0.410958904109589,0.5142857142857142,0.1044776119402985,0.4246575342465753,0.4507042253521127,0.015873015873015872,0.4507042253521127,1.0,0.43283582089552236,0.5230769230769231,0.927536231884058,0.11594202898550725,0.08955223880597014,0.4852941176470588,0.43478260869565216,0.015151515151515152,0.4583333333333333,0.48484848484848486,0.13043478260869565,0.47761194029850745,0.06060606060606061,0.07462686567164178,0.057971014492753624,0.19047619047619047,0.07142857142857142,0.42028985507246375,0.4375,0.4861111111111111,0.08333333333333333,0.46875,0.4861111111111111,0.013888888888888888,0.38461538461538464,0.02702702702702703,0.08108108108108109,0.09230769230769231,0.06153846153846154,0.4927536231884058,0.3787878787878788,0.5066666666666667,0.49230769230769234,0.1267605633802817,0.8783783783783784,0.6086956521739131,0.15,0.057971014492753624,0.1076923076923077,0.014285714285714285,0.4166666666666667,0.4722222222222222,0.5454545454545454,0.4142857142857143,0.43478260869565216,0.4461538461538462,0.46774193548387094,0.16417910447761194,0.13432835820895522,0.484375,0.4805194805194805,0.0,0.4714285714285714,0.4084507042253521,0.4931506849315068,0.03076923076923077,0.4492753623188406,0.6610169491525424,0.4305555555555556,0.7887323943661971,0.13157894736842105,0.014705882352941176,0.4647887323943662,0.4583333333333333,0.04411764705882353,0.1076923076923077,0.4603174603174603,0.056338028169014086,0.30985915492957744,0.5625,0.02702702702702703,0.2625,0.3013698630136986,0.43283582089552236,0.4918032786885246,0.43283582089552236,0.46153846153846156,0.2898550724637681,0.4857142857142857,0.0625,0.4794520547945205,0.19696969696969696,0.5285714285714286,0.4461538461538462,0.0,0.25,0.10294117647058823,0.09090909090909091,0.463768115942029,0.4714285714285714,0.589041095890411,0.05555555555555555,0.9393939393939394,0.8955223880597015,0.49295774647887325,0.014084507042253521,0.6805555555555556,0.6933333333333334,0.05970149253731343,0.4461538461538462,0.09230769230769231,0.4838709677419355,0.5223880597014925,0.640625,0.02857142857142857,0.8648648648648649,0.057971014492753624,0.4375,0.4925373134328358,0.09722222222222222,0.030303030303030304,0.3561643835616438,0.08333333333333333,0.4246575342465753,0.39344262295081966,0.4383561643835616,0.109375,0.0,0.42857142857142855,0.4507042253521127,0.0,0.625,0.42857142857142855,0.0958904109589041,0.12903225806451613,0.06944444444444445,0.0136986301369863,0.6338028169014085,0.4166666666666667,0.046875,0.9166666666666666,0.057971014492753624,0.5507246376811594,0.4626865671641791,0.0958904109589041,0.07462686567164178,0.43478260869565216
TCGA-06-0174,0.9076923076923077,0.047619047619047616,0.6567164179104478,0.7049180327868853,0.8666666666666667,1.0,0.625,0.06349206349206349,0.9402985074626866,0.7384615384615385,0.015873015873015872,0.9354838709677419,0.43283582089552236,1.0,0.559322033898305,0.46875,0.047619047619047616,0.1864406779661017,0.9,0.8888888888888888,0.047619047619047616,0.8615384615384616,0.896551724137931,0.29508196721311475,0.9193548387096774,0.14516129032258066,0.08196721311475409,0.04918032786885246,0.43636363636363634,0.14285714285714285,0.78125,0.9107142857142857,0.8333333333333334,0.14545454545454545,0.9661016949152542,0.671875,0.058823529411764705,0.16393442622950818,0.22388059701492538,0.2835820895522388,0.2857142857142857,0.15,0.6557377049180327,0.8135593220338984,0.6268656716417911,0.5932203389830508,0.27692307692307694,0.45588235294117646,0.71875,0.1509433962264151,0.1935483870967742,0.2631578947368421,0.015873015873015872,0.6716417910447762,0.6515151515151515,0.7903225806451613,0.953125,0.41379310344827586,0.9322033898305084,0.8852459016393442,0.42105263157894735,0.14285714285714285,0.7796610169491526,0.8656716417910447,0.03225806451612903,0.9016393442622951,0.9838709677419355,0.2537313432835821,0.20967741935483872,0.953125,0.625,0.9365079365079365,0.6818181818181818,0.3484848484848485,0.08064516129032258,0.6833333333333333,0.04477611940298507,0.13114754098360656,0.06451612903225806,0.9122807017543859,0.22058823529411764,0.7580645161290323,0.6101694915254238,0.19696969696969696,0.06944444444444445,0.4166666666666667,0.9365079365079365,0.9473684210526315,0.9508196721311475,0.6271186440677966,0.703125,0.8125,0.14545454545454545,0.6764705882352942,0.35,0.5970149253731343,0.9322033898305084,0.05,0.36363636363636365,0.3898305084745763,0.078125,0.9545454545454546,0.8923076923076924,0.8,0.2878787878787879,0.5172413793103449,0.3050847457627119,0.6,0.07575757575757576,0.609375,0.6857142857142857,0.2833333333333333,0.9666666666666667,0.08064516129032258,0.9259259259259259,0.6,0.8135593220338984,0.171875,0.5238095238095238,0.20689655172413793,0.9666666666666667,0.96875,0.109375,0.14285714285714285,0.5303030303030303,0.07692307692307693,0.9230769230769231,0.9259259259259259,0.2,0.08196721311475409,0.09523809523809523,0.8448275862068966,0.391304347826087,0.04918032786885246,0.6,0.8793103448275862,0.13846153846153847,0.25806451612903225,0.10606060606060606,0.0,0.578125,0.3582089552238806,0.21052631578947367,0.30303030303030304,0.20634920634920634,0.8524590163934426,0.95,0.203125,0.20634920634920634,0.95
TCGA-06-0184,0.59375,0.1774193548387097,0.9130434782608695,0.7619047619047619,0.5245901639344263,0.582089552238806,0.9193548387096774,0.20967741935483872,0.582089552238806,0.7313432835820896,0.0,0.532258064516129,0.5230769230769231,0.559322033898305,1.0,0.42857142857142855,0.2,0.2537313432835821,0.49230769230769234,0.5645161290322581,0.0847457627118644,0.6190476190476191,0.5645161290322581,0.2698412698412698,0.6363636363636364,0.06557377049180328,0.13846153846153847,0.11290322580645161,0.23333333333333334,0.07352941176470588,0.46875,0.5,0.5970149253731343,0.07407407407407407,0.5,0.7121212121212122,0.08695652173913043,0.16666666666666666,0.04285714285714286,0.12698412698412698,0.24561403508771928,0.0967741935483871,0.4696969696969697,0.7213114754098361,0.8939393939393939,0.9491525423728814,0.2898550724637681,0.4696969696969697,0.696969696969697,0.25925925925925924,0.1076923076923077,0.24193548387096775,0.015625,0.8142857142857143,0.9230769230769231,0.5161290322580645,0.5238095238095238,0.7241379310344828,0.631578947368421,0.6271186440677966,0.19642857142857142,0.208955223880597,0.7068965517241379,0.7014925373134329,0.0,0.609375,0.5606060606060606,0.24615384615384617,0.11290322580645161,0.5573770491803278,0.6842105263157895,0.5454545454545454,0.3492063492063492,0.1791044776119403,0.10344827586206896,0.90625,0.22388059701492538,0.09375,0.18333333333333332,0.5263157894736842,0.06349206349206349,0.5,0.85,0.058823529411764705,0.16666666666666666,0.5625,0.546875,0.5084745762711864,0.5483870967741935,0.7540983606557377,0.46153846153846156,0.7121212121212122,0.12903225806451613,0.859375,0.35,0.9253731343283582,0.5737704918032787,0.016666666666666666,0.6153846153846154,0.18032786885245902,0.19047619047619047,0.5074626865671642,0.6031746031746031,0.6567164179104478,0.1323529411764706,0.45901639344262296,0.6557377049180327,0.9090909090909091,0.014925373134328358,0.7936507936507936,0.6911764705882353,0.1,0.5483870967741935,0.2,0.49122807017543857,0.9180327868852459,0.5862068965517241,0.15384615384615385,0.41935483870967744,0.06349206349206349,0.5614035087719298,0.5333333333333333,0.047619047619047616,0.0,0.6376811594202898,0.12307692307692308,0.6176470588235294,0.5964912280701754,0.2857142857142857,0.14516129032258066,0.03076923076923077,0.6440677966101694,0.6865671641791045,0.0,0.6949152542372882,0.5901639344262295,0.08955223880597014,0.11864406779661017,0.10294117647058823,0.030303030303030304,0.859375,0.4375,0.08064516129032258,0.6307692307692307,0.07936507936507936,0.5384615384615384,0.6031746031746031,0.37142857142857144,0.04918032786885246,0.59375
TCGA-06-0187,0.4393939393939394,0.07246376811594203,0.39436619718309857,0.5151515151515151,0.4262295081967213,0.4492753623188406,0.390625,0.03076923076923077,0.45714285714285713,0.36363636363636365,0.016666666666666666,0.5238095238095238,0.927536231884058,0.46875,0.42857142857142855,1.0,0.06349206349206349,0.07692307692307693,0.5555555555555556,0.42857142857142855,0.0,0.4126984126984127,0.46774193548387094,0.12307692307692308,0.47540983606557374,0.09375,0.09523809523809523,0.015625,0.19298245614035087,0.1076923076923077,0.4696969696969697,0.5333333333333333,0.4852941176470588,0.13793103448275862,0.5,0.5223880597014925,0.014285714285714285,0.45901639344262296,0.08333333333333333,0.08695652173913043,0.06557377049180328,0.09523809523809523,0.546875,0.3870967741935484,0.39436619718309857,0.38095238095238093,0.07352941176470588,0.8695652173913043,0.6417910447761194,0.1206896551724138,0.06060606060606061,0.11475409836065574,0.015151515151515152,0.36231884057971014,0.36231884057971014,0.6349206349206349,0.4461538461538462,0.31666666666666665,0.4444444444444444,0.4406779661016949,0.20689655172413793,0.2153846153846154,0.3787878787878788,0.4583333333333333,0.0,0.4696969696969697,0.46875,0.463768115942029,0.046875,0.4857142857142857,0.6166666666666667,0.49230769230769234,0.8181818181818182,0.14084507042253522,0.03125,0.36363636363636365,0.44285714285714284,0.06451612903225806,0.017241379310344827,0.4482758620689655,0.1044776119402985,0.375,0.5079365079365079,0.014492753623188406,0.1917808219178082,0.22580645161290322,0.4393939393939394,0.559322033898305,0.4603174603174603,0.359375,0.328125,0.38461538461538464,0.04918032786885246,0.417910447761194,0.2153846153846154,0.4393939393939394,0.47540983606557374,0.03076923076923077,0.21875,0.15151515151515152,0.016129032258064516,0.5454545454545454,0.45454545454545453,0.6119402985074627,0.09722222222222222,0.9838709677419355,0.8253968253968254,0.3787878787878788,0.014492753623188406,0.6268656716417911,0.7123287671232876,0.07692307692307693,0.5,0.03125,0.5254237288135594,0.4492753623188406,0.6379310344827587,0.04477611940298507,0.84375,0.1111111111111111,0.47540983606557374,0.5483870967741935,0.14925373134328357,0.06779661016949153,0.30434782608695654,0.043478260869565216,0.45588235294117646,0.3793103448275862,0.4393939393939394,0.06451612903225806,0.029850746268656716,0.36065573770491804,0.3188405797101449,0.0,0.5806451612903226,0.423728813559322,0.12121212121212122,0.15,0.12121212121212122,0.015151515151515152,0.6060606060606061,0.373134328358209,0.06451612903225806,0.835820895522388,0.07575757575757576,0.5873015873015873,0.5,0.04411764705882353,0.12307692307692308,0.46153846153846156
TCGA-06-0190,0.029850746268656716,0.9264705882352942,0.16216216216216217,0.15625,0.06451612903225806,0.05714285714285714,0.1791044776119403,1.0,0.058823529411764705,0.08955223880597014,0.4166666666666667,0.047619047619047616,0.11594202898550725,0.047619047619047616,0.2,0.06349206349206349,1.0,0.03076923076923077,0.047619047619047616,0.047619047619047616,0.0,0.1323529411764706,0.109375,0.03125,0.046875,0.8095238095238095,0.8805970149253731,0.9090909090909091,0.5409836065573771,0.8333333333333334,0.07352941176470588,0.08196721311475409,0.046153846153846156,0.875,0.03225806451612903,0.14705882352941177,0.0,0.06349206349206349,0.7945205479452054,0.6716417910447762,0.015873015873015872,0.84375,0.2835820895522388,0.15517241379310345,0.19718309859154928,0.18032786885245902,0.0,0.1095890410958904,0.1076923076923077,0.0,0.7971014492753623,0.015151515151515152,0.5833333333333334,0.16176470588235295,0.19117647058823528,0.045454545454545456,0.046153846153846156,0.421875,0.05,0.08064516129032258,0.6949152542372882,0.04477611940298507,0.09523809523809523,0.08450704225352113,0.5588235294117647,0.05970149253731343,0.057971014492753624,0.014705882352941176,0.8125,0.045454545454545456,0.14516129032258066,0.06060606060606061,0.06060606060606061,0.0,0.75,0.140625,0.5970149253731343,0.746268656716418,0.9166666666666666,0.03333333333333333,0.7971014492753623,0.030303030303030304,0.22033898305084745,0.8194444444444444,0.72,0.4375,0.06060606060606061,0.05263157894736842,0.0625,0.12698412698412698,0.16417910447761194,0.10606060606060606,0.8813559322033898,0.13636363636363635,0.6774193548387096,0.21428571428571427,0.06349206349206349,0.0,0.11594202898550725,0.6290322580645161,0.9242424242424242,0.04477611940298507,0.06060606060606061,0.11428571428571428,0.0,0.09836065573770492,0.15625,0.19718309859154928,0.5070422535211268,0.17647058823529413,0.18309859154929578,0.0,0.046875,0.953125,0.01694915254237288,0.1875,0.1016949152542373,0.7121212121212122,0.05970149253731343,0.8,0.06557377049180328,0.046153846153846156,0.75,0.13114754098360656,0.10144927536231885,0.8656716417910447,0.04225352112676056,0.08333333333333333,0.5606060606060606,0.8709677419354839,0.5285714285714286,0.04838709677419355,0.34285714285714286,0.265625,0.20967741935483872,0.046875,0.8823529411764706,0.0,0.11940298507462686,0.4852941176470588,0.20588235294117646,0.5217391304347826,0.0,0.18840579710144928,0.7910447761194029,0.09090909090909091,0.06451612903225806,0.014492753623188406,0.7936507936507936,0.058823529411764705
TCGA-06-0210,0.19696969696969696,0.015384615384615385,0.22857142857142856,0.1935483870967742,0.11864406779661017,0.18309859154929578,0.26153846153846155,0.0,0.17142857142857143,0.14705882352941177,0.3389830508474576,0.16923076923076924,0.08955223880597014,0.1864406779661017,0.2537313432835821,0.07692307692307693,0.03076923076923077,1.0,0.1111111111111111,0.16129032258064516,0.5166666666666667,0.15873015873015872,0.2153846153846154,0.09230769230769231,0.21875,0.015873015873015872,0.0,0.0,0.08333333333333333,0.015384615384615385,0.046875,0.15517241379310345,0.1791044776119403,0.0,0.1864406779661017,0.19402985074626866,0.6323529411764706,0.6666666666666666,0.014285714285714285,0.031746031746031744,0.13333333333333333,0.016666666666666666,0.1044776119402985,0.20689655172413793,0.25,0.18032786885245902,0.15942028985507245,0.1323529411764706,0.171875,0.10714285714285714,0.015625,0.09523809523809523,0.0,0.21739130434782608,0.2537313432835821,0.1076923076923077,0.21875,0.16129032258064516,0.2033898305084746,0.1774193548387097,0.06896551724137931,0.8923076923076924,0.2,0.2028985507246377,0.40625,0.18181818181818182,0.18181818181818182,0.045454545454545456,0.016129032258064516,0.18032786885245902,0.1896551724137931,0.14925373134328357,0.09523809523809523,0.5507246376811594,0.01639344262295082,0.25,0.057971014492753624,0.0,0.0,0.18333333333333332,0.015151515151515152,0.046153846153846156,0.15,0.015151515151515152,0.013888888888888888,0.14516129032258066,0.1791044776119403,0.13559322033898305,0.15873015873015872,0.1111111111111111,0.07575757575757576,0.1746031746031746,0.0,0.265625,0.06557377049180328,0.2727272727272727,0.15517241379310345,0.6,0.14925373134328357,0.047619047619047616,0.0,0.14705882352941177,0.171875,0.13432835820895522,0.8985507246376812,0.06451612903225806,0.15,0.2878787878787879,0.42028985507246375,0.13636363636363635,0.14705882352941177,0.8636363636363636,0.14754098360655737,0.0,0.16071428571428573,0.21875,0.17857142857142858,0.0,0.046875,0.015873015873015872,0.16393442622950818,0.1935483870967742,0.109375,0.7704918032786885,0.10294117647058823,0.0,0.1791044776119403,0.1864406779661017,0.047619047619047616,0.0,0.078125,0.1896551724137931,0.19696969696969696,0.6923076923076923,0.11290322580645161,0.15254237288135594,0.014925373134328358,0.8571428571428571,0.8059701492537313,0.014492753623188406,0.18461538461538463,0.10606060606060606,0.8870967741935484,0.11940298507462686,0.0,0.13636363636363635,0.14754098360655737,0.08571428571428572,0.016666666666666666,0.13846153846153847
TCGA-06-0211,0.8208955223880597,0.030303030303030304,0.5555555555555556,0.6612903225806451,0.8769230769230769,0.9,0.49230769230769234,0.06349206349206349,0.8823529411764706,0.6231884057971014,0.03278688524590164,0.9076923076923077,0.4852941176470588,0.9,0.49230769230769234,0.5555555555555556,0.047619047619047616,0.1111111111111111,1.0,0.803030303030303,0.03076923076923077,0.8507462686567164,0.873015873015873,0.28125,0.8360655737704918,0.20634920634920634,0.09523809523809523,0.07692307692307693,0.423728813559322,0.19047619047619047,0.828125,0.9322033898305084,0.803030303030303,0.15789473684210525,0.9375,0.696969696969697,0.05714285714285714,0.09836065573770492,0.19718309859154928,0.2463768115942029,0.2542372881355932,0.16666666666666666,0.6923076923076923,0.7213114754098361,0.5070422535211268,0.5161290322580645,0.22857142857142856,0.45714285714285713,0.7910447761194029,0.22413793103448276,0.19402985074626866,0.24615384615384617,0.030303030303030304,0.5714285714285714,0.5285714285714286,0.8461538461538461,0.9104477611940298,0.38095238095238093,0.8983050847457628,0.7857142857142857,0.39344262295081966,0.15151515151515152,0.7241379310344828,0.8088235294117647,0.030303030303030304,0.8208955223880597,0.9538461538461539,0.28169014084507044,0.2033898305084746,0.9375,0.6551724137931034,0.9076923076923077,0.7121212121212122,0.32857142857142857,0.078125,0.5671641791044776,0.09859154929577464,0.13636363636363635,0.05084745762711865,0.8360655737704918,0.22727272727272727,0.6923076923076923,0.65,0.16176470588235295,0.06756756756756757,0.38461538461538464,0.8636363636363636,0.9491525423728814,0.9393939393939394,0.59375,0.640625,0.7101449275362319,0.13114754098360656,0.5294117647058824,0.36666666666666664,0.45454545454545453,0.9166666666666666,0.047619047619047616,0.3235294117647059,0.29508196721311475,0.07692307692307693,0.9402985074626866,0.8507462686567164,0.8656716417910447,0.24242424242424243,0.6290322580645161,0.3492063492063492,0.47058823529411764,0.046153846153846156,0.6818181818181818,0.7352941176470589,0.234375,0.9538461538461539,0.047619047619047616,0.9322033898305084,0.5,0.7931034482758621,0.15384615384615385,0.5625,0.22388059701492538,0.9344262295081968,0.9090909090909091,0.1044776119402985,0.13793103448275862,0.4788732394366197,0.07462686567164178,0.8939393939393939,0.8596491228070176,0.18840579710144928,0.1,0.07575757575757576,0.7868852459016393,0.352112676056338,0.04918032786885246,0.7377049180327869,0.8305084745762712,0.14285714285714285,0.22950819672131148,0.12857142857142856,0.014492753623188406,0.5970149253731343,0.44776119402985076,0.234375,0.34328358208955223,0.2222222222222222,0.9242424242424242,0.9016393442622951,0.1791044776119403,0.23880597014925373,0.90625
TCGA-06-0219,0.9558823529411765,0.07352941176470588,0.6944444444444444,0.7142857142857143,0.8709677419354839,0.9,0.696969696969697,0.06349206349206349,0.9705882352941176,0.8059701492537313,0.01694915254237288,0.8571428571428571,0.43478260869565216,0.8888888888888888,0.5645161290322581,0.42857142857142855,0.047619047619047616,0.16129032258064516,0.803030303030303,1.0,0.046875,0.7575757575757576,0.8923076923076924,0.3492063492063492,0.9193548387096774,0.21875,0.04838709677419355,0.13846153846153847,0.5087719298245614,0.21212121212121213,0.676923076923077,0.8245614035087719,0.8955223880597015,0.13333333333333333,0.8833333333333333,0.703125,0.07142857142857142,0.109375,0.13043478260869565,0.3235294117647059,0.27586206896551724,0.18333333333333332,0.5074626865671642,0.7580645161290323,0.6714285714285714,0.7,0.2923076923076923,0.4057971014492754,0.6363636363636364,0.2631578947368421,0.22058823529411764,0.3442622950819672,0.05970149253731343,0.7246376811594203,0.6764705882352942,0.7538461538461538,0.8787878787878788,0.45,0.9649122807017544,0.9508196721311475,0.288135593220339,0.09523809523809523,0.6825396825396826,0.8428571428571429,0.015151515151515152,0.9696969696969697,0.8888888888888888,0.323943661971831,0.22580645161290322,0.9516129032258065,0.6065573770491803,0.8769230769230769,0.640625,0.2857142857142857,0.15384615384615385,0.6865671641791045,0.014084507042253521,0.19047619047619047,0.11666666666666667,0.9827586206896551,0.16417910447761194,0.7076923076923077,0.59375,0.14705882352941177,0.0821917808219178,0.515625,0.9230769230769231,0.8135593220338984,0.8615384615384616,0.5714285714285714,0.71875,0.7910447761194029,0.1694915254237288,0.7058823529411765,0.36507936507936506,0.6231884057971014,0.967741935483871,0.06349206349206349,0.44285714285714284,0.3230769230769231,0.125,0.8939393939393939,0.9117647058823529,0.7313432835820896,0.2608695652173913,0.4393939393939394,0.296875,0.6617647058823529,0.045454545454545456,0.5454545454545454,0.5833333333333334,0.23809523809523808,0.8333333333333334,0.06451612903225806,0.9,0.6060606060606061,0.671875,0.1875,0.59375,0.1774193548387097,0.9180327868852459,0.921875,0.029411764705882353,0.12903225806451613,0.6086956521739131,0.04477611940298507,0.890625,0.9152542372881356,0.1527777777777778,0.18333333333333332,0.08823529411764706,0.9516129032258065,0.45588235294117646,0.01639344262295082,0.6206896551724138,0.8833333333333333,0.1111111111111111,0.22950819672131148,0.10294117647058823,0.058823529411764705,0.5441176470588235,0.3283582089552239,0.1875,0.3333333333333333,0.140625,0.7777777777777778,0.9354838709677419,0.30303030303030304,0.15151515151515152,0.9384615384615385
TCGA-06-0238,0.030303030303030304,0.0,0.05714285714285714,0.03278688524590164,0.01639344262295082,0.029850746268656716,0.07692307692307693,0.0,0.029411764705882353,0.043478260869565216,0.3548387096774194,0.03076923076923077,0.015151515151515152,0.047619047619047616,0.0847457627118644,0.0,0.0,0.5166666666666667,0.03076923076923077,0.046875,1.0,0.03125,0.03278688524590164,0.5873015873015873,0.03278688524590164,0.0,0.0,0.0,0.017543859649122806,0.0,0.016666666666666666,0.017543859649122806,0.046875,0.0,0.047619047619047616,0.047619047619047616,0.8208955223880597,0.3064516129032258,0.0,0.015151515151515152,0.6949152542372882,0.0,0.015873015873015872,0.05263157894736842,0.057971014492753624,0.03508771929824561,0.6307692307692307,0.015151515151515152,0.030303030303030304,0.6296296296296297,0.0,0.5967741935483871,0.3125,0.057971014492753624,0.05714285714285714,0.03225806451612903,0.046875,0.016666666666666666,0.04918032786885246,0.05263157894736842,0.0,0.4492753623188406,0.05263157894736842,0.029411764705882353,0.1875,0.04838709677419355,0.04838709677419355,0.3582089552238806,0.0,0.05,0.03571428571428571,0.03076923076923077,0.016129032258064516,0.27941176470588236,0.0,0.06451612903225806,0.0,0.0,0.0,0.017857142857142856,0.0,0.016129032258064516,0.03389830508474576,0.0,0.0,0.016129032258064516,0.04918032786885246,0.017543859649122806,0.031746031746031744,0.016666666666666666,0.0,0.03076923076923077,0.0,0.06153846153846154,0.03333333333333333,0.07462686567164178,0.01639344262295082,0.8253968253968254,0.3181818181818182,0.0,0.0,0.015625,0.043478260869565216,0.030303030303030304,0.5074626865671642,0.0,0.01639344262295082,0.057971014492753624,0.2,0.046875,0.02857142857142857,0.4603174603174603,0.03225806451612903,0.0,0.034482758620689655,0.046153846153846156,0.05084745762711865,0.0,0.015873015873015872,0.0,0.03389830508474576,0.047619047619047616,0.014925373134328358,0.43333333333333335,0.015151515151515152,0.0,0.03076923076923077,0.03571428571428571,0.015873015873015872,0.0,0.359375,0.03333333333333333,0.029411764705882353,0.4098360655737705,0.03333333333333333,0.04918032786885246,0.0,0.423728813559322,0.4696969696969697,0.4492753623188406,0.03225806451612903,0.029850746268656716,0.43548387096774194,0.015151515151515152,0.0,0.029850746268656716,0.016129032258064516,0.5538461538461539,0.0,0.0
TCGA-06-0644,0.7910447761194029,0.09090909090909091,0.75,0.75,0.8225806451612904,0.8142857142857143,0.7205882352941176,0.140625,0.8,0.7391304347826086,0.016666666666666666,0.8125,0.4583333333333333,0.8615384615384616,0.6190476190476191,0.4126984126984127,0.1323529411764706,0.15873015873015872,0.8507462686567164,0.7575757575757576,0.03125,1.0,0.7704918032786885,0.27419354838709675,0.7903225806451613,0.08196721311475409,0.15151515151515152,0.1076923076923077,0.3333333333333333,0.09230769230769231,0.696969696969697,0.7719298245614035,0.75,0.07272727272727272,0.85,0.6865671641791045,0.043478260869565216,0.13114754098360656,0.1111111111111111,0.203125,0.3050847457627119,0.078125,0.6363636363636364,0.8666666666666667,0.6956521739130435,0.7258064516129032,0.30303030303030304,0.3888888888888889,0.7384615384615385,0.16666666666666666,0.09090909090909091,0.22580645161290322,0.014925373134328358,0.7536231884057971,0.7205882352941176,0.65625,0.8181818181818182,0.5454545454545454,0.8103448275862069,0.7627118644067796,0.265625,0.14285714285714285,0.8524590163934426,0.8333333333333334,0.015151515151515152,0.7424242424242424,0.8636363636363636,0.2571428571428571,0.1111111111111111,0.8307692307692308,0.7068965517241379,0.803030303030303,0.5606060606060606,0.323943661971831,0.09836065573770492,0.75,0.1323529411764706,0.09090909090909091,0.14035087719298245,0.8,0.1044776119402985,0.6935483870967742,0.7241379310344828,0.07462686567164178,0.0821917808219178,0.48484848484848486,0.8059701492537313,0.85,0.8524590163934426,0.746031746031746,0.5846153846153846,0.7846153846153846,0.0847457627118644,0.676056338028169,0.28125,0.6470588235294118,0.8253968253968254,0.046153846153846156,0.44776119402985076,0.22950819672131148,0.15625,0.835820895522388,0.803030303030303,0.7611940298507462,0.2318840579710145,0.46774193548387094,0.43548387096774194,0.6764705882352942,0.014925373134328358,0.7,0.6911764705882353,0.234375,0.8387096774193549,0.1774193548387097,0.8360655737704918,0.671875,0.7627118644067796,0.171875,0.45454545454545453,0.109375,0.8571428571428571,0.8208955223880597,0.06060606060606061,0.11475409836065574,0.5942028985507246,0.13043478260869565,0.7575757575757576,0.8305084745762712,0.2753623188405797,0.05084745762711865,0.06060606060606061,0.7704918032786885,0.5507246376811594,0.03225806451612903,0.6271186440677966,0.7796610169491526,0.08450704225352113,0.2413793103448276,0.12121212121212122,0.014492753623188406,0.6461538461538462,0.38235294117647056,0.21666666666666667,0.42028985507246375,0.14285714285714285,0.803030303030303,0.8387096774193549,0.2537313432835821,0.09375,0.8307692307692308
TCGA-06-0645,0.9104477611940298,0.1076923076923077,0.625,0.6515151515151515,0.7868852459016393,0.9166666666666666,0.6307692307692307,0.12903225806451613,0.927536231884058,0.7230769230769231,0.06779661016949153,0.8888888888888888,0.48484848484848486,0.896551724137931,0.5645161290322581,0.46774193548387094,0.109375,0.2153846153846154,0.873015873015873,0.8923076923076924,0.03278688524590164,0.7704918032786885,1.0,0.30303030303030304,0.9047619047619048,0.2459016393442623,0.0967741935483871,0.14516129032258066,0.5166666666666667,0.23076923076923078,0.6923076923076923,0.9,0.8656716417910447,0.2222222222222222,0.896551724137931,0.7230769230769231,0.07352941176470588,0.1,0.18840579710144928,0.3235294117647059,0.21052631578947367,0.22950819672131148,0.6212121212121212,0.7096774193548387,0.6142857142857143,0.6166666666666667,0.29411764705882354,0.40298507462686567,0.7352941176470589,0.2037037037037037,0.234375,0.3064516129032258,0.05970149253731343,0.6571428571428571,0.625,0.7166666666666667,0.8888888888888888,0.4426229508196721,0.9152542372881356,0.9166666666666666,0.3333333333333333,0.09375,0.6666666666666666,0.8732394366197183,0.031746031746031744,0.9375,0.8787878787878788,0.24242424242424243,0.2459016393442623,0.9365079365079365,0.6206896551724138,0.890625,0.6515151515151515,0.2857142857142857,0.14516129032258066,0.6417910447761194,0.08823529411764706,0.20634920634920634,0.11864406779661017,0.9,0.21212121212121213,0.6666666666666666,0.6166666666666667,0.20588235294117646,0.1111111111111111,0.44776119402985076,0.921875,0.8448275862068966,0.875,0.5932203389830508,0.7352941176470589,0.78125,0.2,0.6363636363636364,0.3968253968253968,0.6119402985074627,0.9384615384615385,0.03225806451612903,0.3283582089552239,0.38333333333333336,0.140625,0.9,0.9047619047619048,0.835820895522388,0.2463768115942029,0.47692307692307695,0.3225806451612903,0.5970149253731343,0.058823529411764705,0.6031746031746031,0.6571428571428571,0.234375,0.8870967741935484,0.13114754098360656,0.8571428571428571,0.6153846153846154,0.6666666666666666,0.16129032258064516,0.5625,0.23809523809523808,0.9333333333333333,0.9180327868852459,0.09090909090909091,0.12698412698412698,0.5151515151515151,0.07575757575757576,0.8823529411764706,0.896551724137931,0.18461538461538463,0.16129032258064516,0.1044776119402985,0.8833333333333333,0.37681159420289856,0.03225806451612903,0.6724137931034483,0.8412698412698413,0.19402985074626866,0.2413793103448276,0.08955223880597014,0.057971014492753624,0.5294117647058824,0.48484848484848486,0.19047619047619047,0.4117647058823529,0.203125,0.8095238095238095,0.90625,0.208955223880597,0.22950819672131148,0.9104477611940298
TCGA-06-0646,0.328125,0.03125,0.25,0.2153846153846154,0.3,0.3333333333333333,0.2463768115942029,0.031746031746031744,0.34328358208955223,0.3076923076923077,0.23809523809523808,0.3333333333333333,0.13043478260869565,0.29508196721311475,0.2698412698412698,0.12307692307692308,0.03125,0.09230769230769231,0.28125,0.3492063492063492,0.5873015873015873,0.27419354838709675,0.30303030303030304,1.0,0.4,0.06666666666666667,0.03125,0.03225806451612903,0.15,0.046875,0.203125,0.27586206896551724,0.3484848484848485,0.05357142857142857,0.3728813559322034,0.25757575757575757,0.4411764705882353,0.034482758620689655,0.014084507042253521,0.10606060606060606,0.8833333333333333,0.06666666666666667,0.1774193548387097,0.3,0.24285714285714285,0.27419354838709675,0.9076923076923077,0.08955223880597014,0.23880597014925373,0.8545454545454545,0.07936507936507936,0.9836065573770492,0.4,0.26865671641791045,0.2537313432835821,0.20967741935483872,0.359375,0.19047619047619047,0.3793103448275862,0.3,0.05,0.030303030303030304,0.26229508196721313,0.3424657534246575,0.0,0.3787878787878788,0.3283582089552239,0.5970149253731343,0.06349206349206349,0.35384615384615387,0.25,0.3125,0.171875,0.07042253521126761,0.031746031746031744,0.28125,0.029411764705882353,0.06153846153846154,0.034482758620689655,0.35,0.03125,0.21311475409836064,0.2786885245901639,0.029411764705882353,0.04054054054054054,0.14285714285714285,0.36666666666666664,0.26785714285714285,0.2923076923076923,0.2542372881355932,0.16923076923076924,0.30158730158730157,0.03333333333333333,0.234375,0.14754098360655737,0.24242424242424243,0.3114754098360656,0.42857142857142855,0.5522388059701493,0.09523809523809523,0.03125,0.29850746268656714,0.3384615384615385,0.2835820895522388,0.07142857142857142,0.125,0.06896551724137931,0.22388059701492538,0.04411764705882353,0.23076923076923078,0.20588235294117646,0.0625,0.3114754098360656,0.03225806451612903,0.3508771929824561,0.23076923076923078,0.21428571428571427,0.031746031746031744,0.19402985074626866,0.016129032258064516,0.375,0.27692307692307694,0.015625,0.05172413793103448,0.16176470588235295,0.014925373134328358,0.3181818181818182,0.3770491803278688,0.06060606060606061,0.06557377049180328,0.43478260869565216,0.3333333333333333,0.16176470588235295,0.0,0.24193548387096775,0.36666666666666664,0.028985507246376812,0.08196721311475409,0.07692307692307693,0.5625,0.13636363636363635,0.11940298507462686,0.08333333333333333,0.05970149253731343,0.015384615384615385,0.2698412698412698,0.3880597014925373,0.8382352941176471,0.016129032258064516,0.4
TCGA-06-0649,0.967741935483871,0.047619047619047616,0.7101449275362319,0.71875,0.8253968253968254,0.9264705882352942,0.6818181818181818,0.06451612903225806,0.9692307692307692,0.8059701492537313,0.03333333333333333,0.890625,0.47761194029850745,0.9193548387096774,0.6363636363636364,0.47540983606557374,0.046875,0.21875,0.8360655737704918,0.9193548387096774,0.03278688524590164,0.7903225806451613,0.9047619047619048,0.4,1.0,0.19672131147540983,0.046875,0.09375,0.41818181818181815,0.1875,0.6875,0.8421052631578947,0.9076923076923077,0.12962962962962962,0.9166666666666666,0.734375,0.07142857142857142,0.09523809523809523,0.13043478260869565,0.2857142857142857,0.27586206896551724,0.19047619047619047,0.5238095238095238,0.746031746031746,0.7014925373134329,0.6779661016949152,0.2923076923076923,0.453125,0.7076923076923077,0.24074074074074073,0.22580645161290322,0.3442622950819672,0.045454545454545456,0.7313432835820896,0.6923076923076923,0.7619047619047619,0.8923076923076924,0.45161290322580644,1.0,0.9344262295081968,0.3050847457627119,0.12307692307692308,0.6507936507936508,0.9285714285714286,0.0,0.953125,0.9117647058823529,0.35384615384615387,0.2033898305084746,0.9516129032258065,0.5862068965517241,0.9047619047619048,0.6666666666666666,0.30303030303030304,0.1206896551724138,0.7580645161290323,0.03076923076923077,0.2222222222222222,0.1016949152542373,0.95,0.15151515151515152,0.6615384615384615,0.65,0.13636363636363635,0.12162162162162163,0.5245901639344263,0.9354838709677419,0.8421052631578947,0.873015873015873,0.6271186440677966,0.6984126984126984,0.8636363636363636,0.11864406779661017,0.7164179104477612,0.4,0.6818181818181818,0.9666666666666667,0.04838709677419355,0.417910447761194,0.2698412698412698,0.09836065573770492,0.8970588235294118,0.9696969696969697,0.7941176470588235,0.2608695652173913,0.4666666666666667,0.3559322033898305,0.6617647058823529,0.07352941176470588,0.609375,0.6323529411764706,0.24193548387096775,0.8709677419354839,0.1,0.9090909090909091,0.6229508196721312,0.6842105263157895,0.18032786885245902,0.5737704918032787,0.18032786885245902,0.9333333333333333,0.953125,0.04838709677419355,0.1016949152542373,0.582089552238806,0.030303030303030304,0.9545454545454546,0.9454545454545454,0.12698412698412698,0.16393442622950818,0.09859154929577464,0.9122807017543859,0.4393939393939394,0.015625,0.6333333333333333,0.9016393442622951,0.12121212121212122,0.2459016393442623,0.09230769230769231,0.03125,0.5625,0.4,0.22580645161290322,0.34375,0.09230769230769231,0.7419354838709677,0.9558823529411765,0.25,0.13114754098360656,0.9692307692307692
TCGA-06-0686,0.14925373134328357,0.796875,0.09722222222222222,0.125,0.203125,0.19402985074626866,0.0967741935483871,0.8225806451612904,0.19402985074626866,0.1044776119402985,0.45454545454545453,0.18032786885245902,0.06060606060606061,0.14516129032258066,0.06557377049180328,0.09375,0.8095238095238095,0.015873015873015872,0.20634920634920634,0.21875,0.0,0.08196721311475409,0.2459016393442623,0.06666666666666667,0.19672131147540983,1.0,0.7833333333333333,0.9076923076923077,0.6842105263157895,1.0,0.11475409836065574,0.21052631578947367,0.23076923076923078,0.896551724137931,0.16666666666666666,0.15625,0.0,0.0,0.9264705882352942,0.8656716417910447,0.01818181818181818,0.9833333333333333,0.25,0.10344827586206896,0.08695652173913043,0.1016949152542373,0.0,0.078125,0.09375,0.016666666666666666,0.9692307692307692,0.046875,0.5692307692307692,0.1044776119402985,0.08823529411764706,0.1746031746031746,0.2,0.3114754098360656,0.21666666666666667,0.19672131147540983,0.7368421052631579,0.015151515151515152,0.05,0.19402985074626866,0.6031746031746031,0.21212121212121213,0.15625,0.028985507246376812,0.9491525423728814,0.20634920634920634,0.06896551724137931,0.18461538461538463,0.15873015873015872,0.043478260869565216,0.7424242424242424,0.09375,0.5,0.873015873015873,0.85,0.23214285714285715,0.9253731343283582,0.07692307692307693,0.10344827586206896,0.9253731343283582,0.7083333333333334,0.4262295081967213,0.1746031746031746,0.17857142857142858,0.18032786885245902,0.04838709677419355,0.18181818181818182,0.125,0.9322033898305084,0.1076923076923077,0.6612903225806451,0.078125,0.22950819672131148,0.0,0.05970149253731343,0.7377049180327869,0.8571428571428571,0.2,0.25,0.15873015873015872,0.029850746268656716,0.1016949152542373,0.0,0.09230769230769231,0.5970149253731343,0.045454545454545456,0.13043478260869565,0.015873015873015872,0.1746031746031746,0.8032786885245902,0.16363636363636364,0.08064516129032258,0.10714285714285714,0.6984126984126984,0.09836065573770492,0.9365079365079365,0.19642857142857142,0.21212121212121213,0.803030303030303,0.1935483870967742,0.06060606060606061,0.6935483870967742,0.21875,0.25,0.47619047619047616,0.9365079365079365,0.49230769230769234,0.18333333333333332,0.2898550724637681,0.3333333333333333,0.18032786885245902,0.22033898305084745,0.8787878787878788,0.047619047619047616,0.109375,0.42028985507246375,0.046153846153846156,0.44776119402985076,0.03333333333333333,0.029850746268656716,0.8852459016393442,0.15873015873015872,0.21666666666666667,0.03076923076923077,0.9253731343283582,0.20634920634920634
TCGA-06-0743,0.029850746268656716,0.859375,0.15942028985507245,0.2,0.06896551724137931,0.10294117647058823,0.15151515151515152,0.890625,0.06060606060606061,0.12121212121212122,0.3728813559322034,0.07575757575757576,0.07462686567164178,0.08196721311475409,0.13846153846153847,0.09523809523809523,0.8805970149253731,0.0,0.09523809523809523,0.04838709677419355,0.0,0.15151515151515152,0.0967741935483871,0.03125,0.046875,0.7833333333333333,1.0,0.875,0.543859649122807,0.8181818181818182,0.15151515151515152,0.14545454545454545,0.06153846153846154,0.8571428571428571,0.06896551724137931,0.125,0.0,0.03389830508474576,0.8428571428571429,0.6612903225806451,0.017857142857142856,0.8095238095238095,0.3333333333333333,0.13793103448275862,0.13043478260869565,0.1724137931034483,0.015384615384615385,0.07352941176470588,0.16923076923076924,0.019230769230769232,0.7777777777777778,0.01694915254237288,0.5151515151515151,0.14492753623188406,0.15384615384615385,0.06779661016949153,0.11475409836065574,0.34375,0.08771929824561403,0.05263157894736842,0.7321428571428571,0.031746031746031744,0.18333333333333332,0.10294117647058823,0.5076923076923077,0.0625,0.09375,0.0,0.7758620689655172,0.06451612903225806,0.22807017543859648,0.1076923076923077,0.031746031746031744,0.015151515151515152,0.7213114754098361,0.12121212121212122,0.5522388059701493,0.7777777777777778,0.8166666666666667,0.06779661016949153,0.796875,0.09523809523809523,0.23333333333333334,0.8461538461538461,0.6805555555555556,0.4166666666666667,0.07462686567164178,0.06779661016949153,0.08333333333333333,0.14754098360655737,0.17647058823529413,0.12698412698412698,0.847457627118644,0.09523809523809523,0.6166666666666667,0.15151515151515152,0.06779661016949153,0.0,0.140625,0.6451612903225806,0.873015873015873,0.08823529411764706,0.0967741935483871,0.15151515151515152,0.0,0.1,0.16129032258064516,0.15384615384615385,0.5151515151515151,0.208955223880597,0.2,0.0,0.109375,0.8833333333333333,0.03571428571428571,0.20634920634920634,0.12280701754385964,0.6935483870967742,0.046875,0.7966101694915254,0.08064516129032258,0.078125,0.75,0.11864406779661017,0.15151515151515152,0.8888888888888888,0.07692307692307693,0.08620689655172414,0.546875,0.7878787878787878,0.47058823529411764,0.06666666666666667,0.3484848484848485,0.27419354838709675,0.1864406779661017,0.06451612903225806,0.8840579710144928,0.0,0.1076923076923077,0.42424242424242425,0.20634920634920634,0.46153846153846156,0.0,0.14705882352941177,0.7878787878787878,0.125,0.06557377049180328,0.029850746268656716,0.7796610169491526,0.07575757575757576
TCGA-06-0744,0.09090909090909091,0.8970588235294118,0.1388888888888889,0.12307692307692308,0.12121212121212122,0.08333333333333333,0.15625,0.9508196721311475,0.1,0.11594202898550725,0.5172413793103449,0.06451612903225806,0.057971014492753624,0.04918032786885246,0.11290322580645161,0.015625,0.9090909090909091,0.0,0.07692307692307693,0.13846153846153847,0.0,0.1076923076923077,0.14516129032258066,0.03225806451612903,0.09375,0.9076923076923077,0.875,1.0,0.5789473684210527,0.9230769230769231,0.047619047619047616,0.08620689655172414,0.10294117647058823,0.847457627118644,0.05084745762711865,0.12121212121212122,0.0,0.0,0.8714285714285714,0.7910447761194029,0.016666666666666666,0.9016393442622951,0.2463768115942029,0.12698412698412698,0.15714285714285714,0.16666666666666666,0.014705882352941176,0.07142857142857142,0.046153846153846156,0.016666666666666666,0.873015873015873,0.03278688524590164,0.5588235294117647,0.14285714285714285,0.14925373134328357,0.10294117647058823,0.07692307692307693,0.35384615384615387,0.08333333333333333,0.13114754098360656,0.71875,0.0,0.1111111111111111,0.12857142857142856,0.6615384615384615,0.10606060606060606,0.07692307692307693,0.028985507246376812,0.875,0.09230769230769231,0.09836065573770492,0.06153846153846154,0.047619047619047616,0.014492753623188406,0.8153846153846154,0.1044776119402985,0.5362318840579711,0.8507462686567164,0.95,0.11290322580645161,0.8676470588235294,0.0625,0.14754098360655737,0.8857142857142857,0.7123287671232876,0.44776119402985076,0.09230769230769231,0.06896551724137931,0.0967741935483871,0.1076923076923077,0.18461538461538463,0.09090909090909091,0.9482758620689655,0.10144927536231885,0.6349206349206349,0.15384615384615385,0.09836065573770492,0.0,0.1076923076923077,0.6984126984126984,0.9508196721311475,0.1076923076923077,0.125,0.07692307692307693,0.014492753623188406,0.017241379310344827,0.1111111111111111,0.16666666666666666,0.5652173913043478,0.09230769230769231,0.1,0.0,0.07692307692307693,0.9354838709677419,0.05172413793103448,0.1111111111111111,0.05084745762711865,0.734375,0.07575757575757576,0.90625,0.1016949152542373,0.109375,0.765625,0.16129032258064516,0.11267605633802817,0.8333333333333334,0.07692307692307693,0.10344827586206896,0.49230769230769234,0.95,0.5362318840579711,0.13114754098360656,0.3333333333333333,0.36065573770491804,0.13333333333333333,0.06451612903225806,0.8695652173913043,0.015873015873015872,0.10294117647058823,0.47761194029850745,0.09090909090909091,0.4714285714285714,0.016666666666666666,0.08571428571428572,0.8656716417910447,0.045454545454545456,0.07936507936507936,0.029850746268656716,0.859375,0.1044776119402985
TCGA-06-0745,0.45614035087719296,0.5932203389830508,0.25757575757575757,0.3103448275862069,0.40350877192982454,0.49230769230769234,0.2786885245901639,0.5344827586206896,0.4444444444444444,0.4032258064516129,0.2692307692307692,0.4,0.19047619047619047,0.43636363636363634,0.23333333333333334,0.19298245614035087,0.5409836065573771,0.08333333333333333,0.423728813559322,0.5087719298245614,0.017543859649122806,0.3333333333333333,0.5166666666666667,0.15,0.41818181818181815,0.6842105263157895,0.543859649122807,0.5789473684210527,1.0,0.625,0.35,0.44642857142857145,0.4262295081967213,0.6415094339622641,0.375,0.3050847457627119,0.029850746268656716,0.017857142857142856,0.6417910447761194,0.6666666666666666,0.07272727272727272,0.7017543859649122,0.3103448275862069,0.38461538461538464,0.234375,0.29310344827586204,0.12121212121212122,0.18032786885245902,0.3225806451612903,0.12244897959183673,0.65,0.15517241379310345,0.4666666666666667,0.3492063492063492,0.27419354838709675,0.3275862068965517,0.4482758620689655,0.46551724137931033,0.4909090909090909,0.4909090909090909,0.6363636363636364,0.016666666666666666,0.2962962962962963,0.4444444444444444,0.3559322033898305,0.49122807017543857,0.4166666666666667,0.11475409836065574,0.6842105263157895,0.4827586206896552,0.2830188679245283,0.47692307692307695,0.3442622950819672,0.14285714285714285,0.559322033898305,0.3220338983050847,0.3064516129032258,0.6440677966101694,0.5818181818181818,0.4909090909090909,0.711864406779661,0.2786885245901639,0.25925925925925924,0.7301587301587301,0.5507246376811594,0.6166666666666667,0.47368421052631576,0.4444444444444444,0.43333333333333335,0.2631578947368421,0.4153846153846154,0.3770491803278688,0.6,0.3114754098360656,0.48214285714285715,0.2857142857142857,0.48148148148148145,0.01639344262295082,0.12903225806451613,0.7818181818181819,0.5614035087719298,0.40625,0.4745762711864407,0.43333333333333335,0.08196721311475409,0.2,0.10344827586206896,0.25396825396825395,0.36065573770491804,0.24193548387096775,0.3384615384615385,0.08771929824561403,0.39655172413793105,0.5964912280701754,0.3469387755102041,0.2833333333333333,0.3090909090909091,0.5409836065573771,0.26666666666666666,0.6271186440677966,0.47368421052631576,0.44642857142857145,0.47540983606557374,0.16071428571428573,0.20967741935483872,0.5,0.47540983606557374,0.4642857142857143,0.3898305084745763,0.631578947368421,0.38333333333333336,0.48148148148148145,0.3492063492063492,0.15254237288135594,0.2857142857142857,0.4642857142857143,0.5625,0.09090909090909091,0.1016949152542373,0.25,0.22950819672131148,0.5161290322580645,0.05357142857142857,0.18461538461538463,0.6271186440677966,0.41379310344827586,0.39655172413793105,0.09230769230769231,0.5964912280701754,0.43548387096774194
TCGA-06-0747,0.16923076923076924,0.8235294117647058,0.08450704225352113,0.11764705882352941,0.16923076923076924,0.19117647058823528,0.1111111111111111,0.8571428571428571,0.21739130434782608,0.11428571428571428,0.4406779661016949,0.18461538461538463,0.07142857142857142,0.14285714285714285,0.07352941176470588,0.1076923076923077,0.8333333333333334,0.015384615384615385,0.19047619047619047,0.21212121212121213,0.0,0.09230769230769231,0.23076923076923078,0.046875,0.1875,1.0,0.8181818181818182,0.9230769230769231,0.625,1.0,0.09375,0.22413793103448276,0.22727272727272727,0.9107142857142857,0.15254237288135594,0.18181818181818182,0.0,0.0,0.9428571428571428,0.8805970149253731,0.0,1.0,0.2923076923076923,0.13114754098360656,0.08823529411764706,0.09836065573770492,0.0,0.058823529411764705,0.10294117647058823,0.0,0.9696969696969697,0.034482758620689655,0.578125,0.08571428571428572,0.07352941176470588,0.18032786885245902,0.18181818181818182,0.2786885245901639,0.20689655172413793,0.21052631578947367,0.7741935483870968,0.015625,0.06451612903225806,0.16901408450704225,0.5671641791044776,0.2,0.15625,0.02857142857142857,0.9516129032258065,0.2,0.06779661016949153,0.16666666666666666,0.13043478260869565,0.028985507246376812,0.7580645161290323,0.09230769230769231,0.49295774647887325,0.8888888888888888,0.8852459016393442,0.2033898305084746,0.9375,0.08955223880597014,0.11475409836065574,0.9253731343283582,0.7083333333333334,0.4,0.1746031746031746,0.18333333333333332,0.1746031746031746,0.03225806451612903,0.25,0.10606060606060606,0.9344262295081968,0.05970149253731343,0.703125,0.10294117647058823,0.21666666666666667,0.0,0.05970149253731343,0.6825396825396826,0.8923076923076924,0.2028985507246377,0.24242424242424243,0.16666666666666666,0.029411764705882353,0.09375,0.015873015873015872,0.10294117647058823,0.5757575757575758,0.05970149253731343,0.136986301369863,0.01639344262295082,0.16129032258064516,0.8412698412698413,0.14035087719298245,0.08955223880597014,0.08064516129032258,0.71875,0.09230769230769231,0.9682539682539683,0.18333333333333332,0.23809523809523808,0.78125,0.16393442622950818,0.08571428571428572,0.746268656716418,0.19402985074626866,0.23333333333333334,0.45454545454545453,0.9375,0.5,0.1774193548387097,0.23529411764705882,0.34375,0.21311475409836064,0.2,0.9142857142857143,0.05084745762711865,0.1323529411764706,0.45588235294117646,0.046153846153846156,0.4411764705882353,0.03225806451612903,0.028985507246376812,0.9104477611940298,0.15151515151515152,0.203125,0.014705882352941176,0.9180327868852459,0.19402985074626866
TCGA-06-0749,0.65625,0.06060606060606061,0.5774647887323944,0.6417910447761194,0.6935483870967742,0.7571428571428571,0.5074626865671642,0.0625,0.7058823529411765,0.6363636363636364,0.0,0.7419354838709677,0.42028985507246375,0.78125,0.46875,0.4696969696969697,0.07352941176470588,0.046875,0.828125,0.676923076923077,0.016666666666666666,0.696969696969697,0.6923076923076923,0.203125,0.6875,0.11475409836065574,0.15151515151515152,0.047619047619047616,0.35,0.09375,1.0,0.7540983606557377,0.6911764705882353,0.15789473684210525,0.7796610169491526,0.578125,0.014285714285714285,0.1111111111111111,0.18309859154929578,0.16666666666666666,0.12903225806451613,0.1111111111111111,0.6615384615384615,0.6610169491525424,0.5428571428571428,0.532258064516129,0.16417910447761194,0.43478260869565216,0.676923076923077,0.1111111111111111,0.125,0.18032786885245902,0.0,0.5942028985507246,0.5757575757575758,0.746268656716418,0.75,0.3442622950819672,0.7166666666666667,0.6721311475409836,0.3157894736842105,0.1111111111111111,0.6774193548387096,0.6571428571428571,0.028985507246376812,0.6716417910447762,0.7941176470588235,0.18840579710144928,0.15625,0.6865671641791045,0.5483870967741935,0.746268656716418,0.5074626865671642,0.45588235294117646,0.1746031746031746,0.5846153846153846,0.08695652173913043,0.15384615384615385,0.08333333333333333,0.6610169491525424,0.2,0.8888888888888888,0.55,0.14285714285714285,0.06756756756756757,0.35384615384615387,0.7313432835820896,0.7719298245614035,0.796875,0.7833333333333333,0.746268656716418,0.6818181818181818,0.1016949152542373,0.5507246376811594,0.2786885245901639,0.4925373134328358,0.7142857142857143,0.0,0.30303030303030304,0.3125,0.09090909090909091,0.7794117647058824,0.6617647058823529,0.7164179104477612,0.1323529411764706,0.4918032786885246,0.34375,0.5,0.04477611940298507,0.6029411764705882,0.6527777777777778,0.18032786885245902,0.8253968253968254,0.08196721311475409,0.7678571428571429,0.5538461538461539,0.7627118644067796,0.26865671641791045,0.49230769230769234,0.16129032258064516,0.7301587301587301,0.7014925373134329,0.10294117647058823,0.06779661016949153,0.7313432835820896,0.19402985074626866,0.6617647058823529,0.6721311475409836,0.25,0.046875,0.04285714285714286,0.6,0.3880597014925373,0.031746031746031744,0.6190476190476191,0.6779661016949152,0.16176470588235295,0.1016949152542373,0.029850746268656716,0.0,0.5652173913043478,0.38235294117647056,0.11475409836065574,0.35294117647058826,0.1791044776119403,0.7619047619047619,0.7301587301587301,0.15942028985507245,0.20634920634920634,0.734375
TCGA-06-0750,0.85,0.11864406779661017,0.5873015873015873,0.6666666666666666,0.8135593220338984,0.9242424242424242,0.5084745762711864,0.10344827586206896,0.9032258064516129,0.6440677966101694,0.037037037037037035,0.9491525423728814,0.4375,0.9107142857142857,0.5,0.5333333333333333,0.08196721311475409,0.15517241379310345,0.9322033898305084,0.8245614035087719,0.017543859649122806,0.7719298245614035,0.9,0.27586206896551724,0.8421052631578947,0.21052631578947367,0.14545454545454545,0.08620689655172414,0.44642857142857145,0.22413793103448276,0.7540983606557377,1.0,0.819672131147541,0.25,0.9433962264150944,0.7213114754098361,0.06349206349206349,0.15789473684210525,0.2153846153846154,0.27419354838709675,0.2222222222222222,0.1864406779661017,0.6885245901639344,0.7454545454545455,0.5147058823529411,0.5094339622641509,0.21311475409836064,0.4032258064516129,0.8103448275862069,0.21568627450980393,0.22580645161290322,0.27586206896551724,0.03333333333333333,0.5714285714285714,0.578125,0.847457627118644,0.9482758620689655,0.35714285714285715,0.8928571428571429,0.8135593220338984,0.4,0.09836065573770492,0.6964285714285714,0.8,0.016666666666666666,0.8305084745762712,0.9344262295081968,0.24193548387096775,0.24561403508771928,0.9322033898305084,0.6909090909090909,0.9047619047619048,0.6610169491525424,0.3548387096774194,0.11864406779661017,0.5689655172413793,0.06349206349206349,0.15254237288135594,0.09090909090909091,0.8363636363636363,0.25,0.6610169491525424,0.6296296296296297,0.203125,0.07246376811594203,0.36666666666666664,0.9122807017543859,0.9629629629629629,0.95,0.6140350877192983,0.6833333333333333,0.7377049180327869,0.1509433962264151,0.55,0.42105263157894735,0.5384615384615384,0.9245283018867925,0.06666666666666667,0.31666666666666665,0.38596491228070173,0.13793103448275862,0.9666666666666667,0.8307692307692308,0.875,0.30158730158730157,0.5454545454545454,0.3333333333333333,0.515625,0.0967741935483871,0.6779661016949152,0.734375,0.25,0.9833333333333333,0.10526315789473684,0.9259259259259259,0.5789473684210527,0.7818181818181819,0.1935483870967742,0.5423728813559322,0.22033898305084745,0.9074074074074074,0.8793103448275862,0.0967741935483871,0.16071428571428573,0.4918032786885246,0.1111111111111111,0.873015873015873,0.8867924528301887,0.20634920634920634,0.11538461538461539,0.11290322580645161,0.7857142857142857,0.3064516129032258,0.034482758620689655,0.7068965517241379,0.8,0.21666666666666667,0.2830188679245283,0.1076923076923077,0.03225806451612903,0.5833333333333334,0.4262295081967213,0.17543859649122806,0.390625,0.26785714285714285,0.9107142857142857,0.8771929824561403,0.15384615384615385,0.2413793103448276,0.9180327868852459
TCGA-06-0878,0.8955223880597015,0.07142857142857142,0.6933333333333334,0.6911764705882353,0.796875,0.8333333333333334,0.6865671641791045,0.0625,0.9,0.7391304347826086,0.03389830508474576,0.8615384615384616,0.4861111111111111,0.8333333333333334,0.5970149253731343,0.4852941176470588,0.046153846153846156,0.1791044776119403,0.803030303030303,0.8955223880597015,0.046875,0.75,0.8656716417910447,0.3484848484848485,0.9076923076923077,0.23076923076923078,0.06153846153846154,0.10294117647058823,0.4262295081967213,0.22727272727272727,0.6911764705882353,0.819672131147541,1.0,0.15,0.8225806451612904,0.7971014492753623,0.07042253521126761,0.09375,0.125,0.2898550724637681,0.21311475409836064,0.203125,0.5285714285714286,0.703125,0.6805555555555556,0.6721311475409836,0.2608695652173913,0.4411764705882353,0.6865671641791045,0.19298245614035087,0.24242424242424243,0.3333333333333333,0.04285714285714286,0.6575342465753424,0.6911764705882353,0.7424242424242424,0.8125,0.5,0.9032258064516129,0.9344262295081968,0.2903225806451613,0.08955223880597014,0.5873015873015873,0.7972972972972973,0.014084507042253521,0.9253731343283582,0.8208955223880597,0.30434782608695654,0.23076923076923078,0.9090909090909091,0.5967741935483871,0.8840579710144928,0.625,0.3150684931506849,0.16417910447761194,0.704225352112676,0.05714285714285714,0.17647058823529413,0.1016949152542373,0.90625,0.15942028985507245,0.6363636363636364,0.6290322580645161,0.14084507042253522,0.13333333333333333,0.5,0.875,0.8305084745762712,0.8181818181818182,0.6666666666666666,0.7058823529411765,0.7971014492753623,0.15,0.6764705882352942,0.359375,0.6567164179104478,0.9230769230769231,0.06060606060606061,0.39705882352941174,0.2835820895522388,0.1111111111111111,0.8676470588235294,0.9,0.746268656716418,0.1780821917808219,0.46875,0.36923076923076925,0.6470588235294118,0.057971014492753624,0.6515151515151515,0.6301369863013698,0.16417910447761194,0.8461538461538461,0.06451612903225806,0.8666666666666667,0.625,0.6984126984126984,0.22388059701492538,0.5942028985507246,0.16923076923076924,0.8571428571428571,0.921875,0.04477611940298507,0.09836065573770492,0.6376811594202898,0.058823529411764705,0.8823529411764706,0.9333333333333333,0.17647058823529413,0.16923076923076924,0.057971014492753624,0.873015873015873,0.4714285714285714,0.03076923076923077,0.6666666666666666,0.8360655737704918,0.12857142857142856,0.2,0.07352941176470588,0.04225352112676056,0.5671641791044776,0.417910447761194,0.16666666666666666,0.42028985507246375,0.10294117647058823,0.7352941176470589,0.9375,0.2535211267605634,0.15873015873015872,0.8805970149253731
TCGA-06-0882,0.06896551724137931,0.9180327868852459,0.045454545454545456,0.15517241379310345,0.10714285714285714,0.1774193548387097,0.034482758620689655,0.8596491228070176,0.12307692307692308,0.10344827586206896,0.5555555555555556,0.14035087719298245,0.08333333333333333,0.14545454545454545,0.07407407407407407,0.13793103448275862,0.875,0.0,0.15789473684210525,0.13333333333333333,0.0,0.07272727272727272,0.2222222222222222,0.05357142857142857,0.12962962962962962,0.896551724137931,0.8571428571428571,0.847457627118644,0.6415094339622641,0.9107142857142857,0.15789473684210525,0.25,0.15,1.0,0.1111111111111111,0.0847457627118644,0.0,0.01639344262295082,0.9016393442622951,0.819672131147541,0.0,0.9259259259259259,0.3220338983050847,0.09615384615384616,0.0625,0.03773584905660377,0.0,0.04918032786885246,0.2033898305084746,0.019230769230769232,0.8947368421052632,0.03773584905660377,0.5932203389830508,0.06779661016949153,0.06779661016949153,0.15517241379310345,0.16393442622950818,0.2777777777777778,0.1509433962264151,0.1509433962264151,0.7647058823529411,0.017543859649122806,0.08928571428571429,0.11475409836065574,0.5344827586206896,0.14035087719298245,0.14545454545454545,0.016129032258064516,0.8909090909090909,0.16071428571428573,0.1724137931034483,0.1935483870967742,0.11864406779661017,0.04918032786885246,0.6935483870967742,0.05263157894736842,0.5483870967741935,0.8545454545454545,0.8490566037735849,0.1320754716981132,0.9166666666666666,0.07272727272727272,0.12280701754385964,0.9180327868852459,0.7142857142857143,0.39285714285714285,0.14035087719298245,0.1320754716981132,0.11864406779661017,0.07017543859649122,0.2711864406779661,0.1016949152542373,0.8703703703703703,0.05084745762711865,0.7068965517241379,0.08620689655172414,0.19230769230769232,0.0,0.03225806451612903,0.7096774193548387,0.8771929824561403,0.15254237288135594,0.15789473684210525,0.19298245614035087,0.0,0.12727272727272726,0.03571428571428571,0.03333333333333333,0.5689655172413793,0.15254237288135594,0.23809523809523808,0.0,0.17543859649122806,0.8813559322033898,0.10416666666666667,0.1016949152542373,0.1346153846153846,0.7666666666666667,0.05172413793103448,0.8727272727272727,0.14285714285714285,0.15789473684210525,0.8333333333333334,0.1320754716981132,0.06779661016949153,0.7678571428571429,0.17543859649122806,0.17543859649122806,0.48333333333333334,0.8518518518518519,0.5344827586206896,0.1111111111111111,0.2222222222222222,0.2982456140350877,0.25,0.16071428571428573,0.9523809523809523,0.0196078431372549,0.13114754098360656,0.5166666666666667,0.10344827586206896,0.532258064516129,0.0,0.0967741935483871,0.8771929824561403,0.19642857142857142,0.14814814814814814,0.01694915254237288,0.8947368421052632,0.12727272727272726
TCGA-06-1804,0.8709677419354839,0.01639344262295082,0.6119402985074627,0.7017543859649122,0.8225806451612904,0.953125,0.578125,0.031746031746031744,0.921875,0.6935483870967742,0.03571428571428571,0.9836065573770492,0.46875,0.9661016949152542,0.5,0.5,0.03225806451612903,0.1864406779661017,0.9375,0.8833333333333333,0.047619047619047616,0.85,0.896551724137931,0.3728813559322034,0.9166666666666666,0.16666666666666666,0.06896551724137931,0.05084745762711865,0.375,0.15254237288135594,0.7796610169491526,0.9433962264150944,0.8225806451612904,0.1111111111111111,1.0,0.7142857142857143,0.07462686567164178,0.13793103448275862,0.1791044776119403,0.24193548387096775,0.33962264150943394,0.1694915254237288,0.6333333333333333,0.75,0.5454545454545454,0.5517241379310345,0.30303030303030304,0.46153846153846156,0.6984126984126984,0.25,0.14754098360655737,0.3387096774193548,0.03125,0.625,0.5692307692307692,0.796875,0.9846153846153847,0.38596491228070173,0.9090909090909091,0.8490566037735849,0.3018867924528302,0.125,0.7586206896551724,0.859375,0.04918032786885246,0.8870967741935484,1.0,0.35384615384615387,0.17857142857142858,0.9322033898305084,0.5818181818181818,0.9193548387096774,0.7142857142857143,0.3230769230769231,0.05084745762711865,0.6333333333333333,0.07936507936507936,0.0967741935483871,0.03278688524590164,0.8888888888888888,0.1935483870967742,0.6984126984126984,0.6071428571428571,0.12698412698412698,0.05714285714285714,0.421875,0.9137931034482759,0.9642857142857143,0.9841269841269841,0.5517241379310345,0.6129032258064516,0.7878787878787878,0.10344827586206896,0.5873015873015873,0.3157894736842105,0.5671641791044776,0.9152542372881356,0.0625,0.3387096774193548,0.3333333333333333,0.04918032786885246,0.9838709677419355,0.8571428571428571,0.7903225806451613,0.3125,0.5789473684210527,0.3559322033898305,0.5303030303030303,0.06451612903225806,0.5806451612903226,0.6461538461538462,0.27419354838709675,0.9824561403508771,0.03571428571428571,1.0,0.5166666666666667,0.8113207547169812,0.11475409836065574,0.5573770491803278,0.22950819672131148,0.9636363636363636,0.9333333333333333,0.1111111111111111,0.17857142857142858,0.4603174603174603,0.03225806451612903,0.875,0.8846153846153846,0.1864406779661017,0.07142857142857142,0.09523809523809523,0.8214285714285714,0.3384615384615385,0.06666666666666667,0.6206896551724138,0.8305084745762712,0.16923076923076924,0.2807017543859649,0.09523809523809523,0.014925373134328358,0.5079365079365079,0.3125,0.2413793103448276,0.3125,0.1694915254237288,0.8461538461538461,0.9322033898305084,0.20967741935483872,0.20967741935483872,0.9333333333333333
TCGA-06-2557,0.7352941176470589,0.07246376811594203,0.8378378378378378,0.75,0.676923076923077,0.6666666666666666,0.8235294117647058,0.140625,0.7777777777777778,0.6911764705882353,0.03278688524590164,0.7727272727272727,0.4861111111111111,0.671875,0.7121212121212122,0.5223880597014925,0.14705882352941177,0.19402985074626866,0.696969696969697,0.703125,0.047619047619047616,0.6865671641791045,0.7230769230769231,0.25757575757575757,0.734375,0.15625,0.125,0.12121212121212122,0.3050847457627119,0.18181818181818182,0.578125,0.7213114754098361,0.7971014492753623,0.0847457627118644,0.7142857142857143,1.0,0.07042253521126761,0.1076923076923077,0.09722222222222222,0.18309859154929578,0.15,0.15384615384615385,0.47761194029850745,0.7166666666666667,0.7887323943661971,0.7619047619047619,0.25,0.5211267605633803,0.6470588235294118,0.17543859649122806,0.14084507042253522,0.20634920634920634,0.014492753623188406,0.7323943661971831,0.7971014492753623,0.7014925373134329,0.7205882352941176,0.5757575757575758,0.6935483870967742,0.6666666666666666,0.2857142857142857,0.15151515151515152,0.6129032258064516,0.7945205479452054,0.0,0.7681159420289855,0.75,0.30985915492957744,0.125,0.7352941176470589,0.6129032258064516,0.6764705882352942,0.5070422535211268,0.2465753424657534,0.19402985074626866,0.835820895522388,0.13043478260869565,0.1076923076923077,0.13333333333333333,0.6949152542372882,0.11594202898550725,0.5606060606060606,0.819672131147541,0.06944444444444445,0.13513513513513514,0.5846153846153846,0.6984126984126984,0.6721311475409836,0.7272727272727273,0.6825396825396826,0.5217391304347826,0.7538461538461538,0.12698412698412698,0.7681159420289855,0.30158730158730157,0.782608695652174,0.7846153846153846,0.04477611940298507,0.45714285714285713,0.22727272727272727,0.140625,0.7428571428571429,0.746268656716418,0.7142857142857143,0.21428571428571427,0.5,0.49206349206349204,0.7714285714285715,0.028169014084507043,0.7121212121212122,0.6388888888888888,0.20588235294117646,0.7076923076923077,0.1111111111111111,0.711864406779661,0.7272727272727273,0.6166666666666667,0.15151515151515152,0.46153846153846156,0.13636363636363635,0.6666666666666666,0.796875,0.058823529411764705,0.09836065573770492,0.6571428571428571,0.07246376811594203,0.7101449275362319,0.7288135593220338,0.1791044776119403,0.14516129032258066,0.058823529411764705,0.6507936507936508,0.6056338028169014,0.015625,0.6612903225806451,0.65625,0.13043478260869565,0.19672131147540983,0.08695652173913043,0.028985507246376812,0.7101449275362319,0.2676056338028169,0.15625,0.4852941176470588,0.08955223880597014,0.6119402985074627,0.7846153846153846,0.2638888888888889,0.09090909090909091,0.7313432835820896
TCGA-06-2558,0.07142857142857142,0.0,0.06578947368421052,0.028985507246376812,0.04477611940298507,0.06666666666666667,0.08571428571428572,0.0,0.05405405405405406,0.05714285714285714,0.3333333333333333,0.07352941176470588,0.013888888888888888,0.058823529411764705,0.08695652173913043,0.014285714285714285,0.0,0.6323529411764706,0.05714285714285714,0.07142857142857142,0.8208955223880597,0.043478260869565216,0.07352941176470588,0.4411764705882353,0.07142857142857142,0.0,0.0,0.0,0.029850746268656716,0.0,0.014285714285714285,0.06349206349206349,0.07042253521126761,0.0,0.07462686567164178,0.07042253521126761,1.0,0.4,0.0,0.013888888888888888,0.5076923076923077,0.0,0.014492753623188406,0.09230769230769231,0.06578947368421052,0.06153846153846154,0.4666666666666667,0.013333333333333334,0.028169014084507043,0.45,0.0,0.45454545454545453,0.2535211267605634,0.0821917808219178,0.06944444444444445,0.04225352112676056,0.08450704225352113,0.046153846153846156,0.06349206349206349,0.07692307692307693,0.015384615384615385,0.5652173913043478,0.057971014492753624,0.06666666666666667,0.2328767123287671,0.08571428571428572,0.08450704225352113,0.2602739726027397,0.0,0.08695652173913043,0.03125,0.056338028169014086,0.04225352112676056,0.35526315789473684,0.0,0.08450704225352113,0.0,0.014285714285714285,0.0,0.0625,0.0,0.027777777777777776,0.029850746268656716,0.0,0.0,0.04411764705882353,0.08695652173913043,0.04918032786885246,0.05714285714285714,0.014705882352941176,0.0,0.06944444444444445,0.0,0.0821917808219178,0.04477611940298507,0.08450704225352113,0.04477611940298507,0.746268656716418,0.2777777777777778,0.0,0.0,0.0547945205479452,0.07042253521126761,0.04225352112676056,0.5945945945945946,0.015625,0.014925373134328358,0.0684931506849315,0.2638888888888889,0.04225352112676056,0.02702702702702703,0.6268656716417911,0.057971014492753624,0.0,0.08333333333333333,0.05555555555555555,0.0625,0.0,0.028985507246376812,0.0,0.07142857142857142,0.08955223880597014,0.0547945205479452,0.625,0.0136986301369863,0.0,0.05555555555555555,0.06153846153846154,0.027777777777777776,0.0,0.3,0.0625,0.04,0.4507042253521127,0.046153846153846156,0.08955223880597014,0.0,0.6,0.5774647887323944,0.29577464788732394,0.02666666666666667,0.02702702702702703,0.6,0.013888888888888888,0.0,0.029850746268656716,0.058823529411764705,0.4225352112676056,0.0,0.04285714285714286
TCGA-06-2559,0.109375,0.047619047619047616,0.13043478260869565,0.171875,0.11290322580645161,0.12307692307692308,0.13846153846153847,0.01639344262295082,0.12121212121212122,0.09230769230769231,0.24561403508771928,0.13333333333333333,0.38461538461538464,0.16393442622950818,0.16666666666666666,0.45901639344262296,0.06349206349206349,0.6666666666666666,0.09836065573770492,0.109375,0.3064516129032258,0.13114754098360656,0.1,0.034482758620689655,0.09523809523809523,0.0,0.03389830508474576,0.0,0.017857142857142856,0.0,0.1111111111111111,0.15789473684210525,0.09375,0.01639344262295082,0.13793103448275862,0.1076923076923077,0.4,1.0,0.014705882352941176,0.0,0.03389830508474576,0.0,0.24193548387096775,0.08928571428571429,0.13432835820895522,0.11864406779661017,0.045454545454545456,0.42424242424242425,0.234375,0.03508771929824561,0.0,0.03389830508474576,0.0,0.12307692307692308,0.140625,0.14516129032258066,0.15873015873015872,0.08620689655172414,0.11666666666666667,0.1016949152542373,0.06666666666666667,0.7741935483870968,0.1206896551724138,0.11764705882352941,0.3181818181818182,0.109375,0.09523809523809523,0.18181818181818182,0.016666666666666666,0.12903225806451613,0.22807017543859648,0.1111111111111111,0.3492063492063492,0.417910447761194,0.0,0.109375,0.26865671641791045,0.0,0.0,0.10714285714285714,0.015625,0.07936507936507936,0.1694915254237288,0.014705882352941176,0.08450704225352113,0.04918032786885246,0.11864406779661017,0.19298245614035087,0.12903225806451613,0.1111111111111111,0.06349206349206349,0.06451612903225806,0.0,0.16666666666666666,0.05,0.140625,0.13114754098360656,0.4032258064516129,0.08823529411764706,0.045454545454545456,0.015873015873015872,0.15625,0.109375,0.15384615384615385,0.6060606060606061,0.39655172413793105,0.46551724137931033,0.16923076923076924,0.328125,0.24242424242424243,0.27941176470588236,0.6333333333333333,0.11475409836065574,0.01694915254237288,0.10909090909090909,0.1935483870967742,0.2545454545454545,0.0,0.3387096774193548,0.015873015873015872,0.13793103448275862,0.09836065573770492,0.13432835820895522,0.6206896551724138,0.046875,0.031746031746031744,0.11475409836065574,0.12727272727272726,0.2153846153846154,0.0,0.047619047619047616,0.1111111111111111,0.16666666666666666,0.5079365079365079,0.15254237288135594,0.05,0.046875,0.6101694915254238,0.6666666666666666,0.0,0.2727272727272727,0.18461538461538463,0.6349206349206349,0.4090909090909091,0.015625,0.23333333333333334,0.11290322580645161,0.03076923076923077,0.03333333333333333,0.14285714285714285
TCGA-06-2561,0.1,0.8194444444444444,0.025974025974025976,0.1111111111111111,0.11594202898550725,0.21052631578947367,0.0410958904109589,0.8235294117647058,0.13513513513513514,0.0547945205479452,0.49230769230769234,0.21428571428571427,0.02702702702702703,0.22388059701492538,0.04285714285714286,0.08333333333333333,0.7945205479452054,0.014285714285714285,0.19718309859154928,0.13043478260869565,0.0,0.1111111111111111,0.18840579710144928,0.014084507042253521,0.13043478260869565,0.9264705882352942,0.8428571428571429,0.8714285714285714,0.6417910447761194,0.9428571428571428,0.18309859154929578,0.2153846153846154,0.125,0.9016393442622951,0.1791044776119403,0.09722222222222222,0.0,0.014705882352941176,1.0,0.7945205479452054,0.0,0.9402985074626866,0.323943661971831,0.125,0.02564102564102564,0.04477611940298507,0.0,0.07894736842105263,0.09722222222222222,0.0,0.9154929577464789,0.0,0.5492957746478874,0.06578947368421052,0.04,0.18571428571428572,0.20833333333333334,0.2463768115942029,0.14705882352941177,0.140625,0.8461538461538461,0.02857142857142857,0.11594202898550725,0.14102564102564102,0.5833333333333334,0.125,0.19444444444444445,0.013333333333333334,0.9285714285714286,0.14084507042253522,0.046153846153846156,0.16901408450704225,0.11428571428571428,0.06493506493506493,0.7246376811594203,0.02857142857142857,0.5135135135135135,0.8285714285714286,0.8507462686567164,0.15151515151515152,1.0,0.12857142857142856,0.06153846153846154,0.9736842105263158,0.691358024691358,0.35294117647058826,0.14285714285714285,0.23809523809523808,0.21428571428571427,0.029411764705882353,0.2112676056338028,0.08333333333333333,0.9384615384615385,0.0410958904109589,0.6417910447761194,0.04054054054054054,0.13432835820895522,0.0,0.028169014084507043,0.7611940298507462,0.8309859154929577,0.2112676056338028,0.1506849315068493,0.16666666666666666,0.03896103896103896,0.1076923076923077,0.014925373134328358,0.03896103896103896,0.5616438356164384,0.05405405405405406,0.10666666666666667,0.04285714285714286,0.21428571428571427,0.8285714285714286,0.11475409836065574,0.05714285714285714,0.15873015873015872,0.7246376811594203,0.04225352112676056,0.9852941176470589,0.21212121212121213,0.20588235294117646,0.8472222222222222,0.125,0.06756756756756757,0.7702702702702703,0.16666666666666666,0.15873015873015872,0.5555555555555556,0.8787878787878788,0.5342465753424658,0.08955223880597014,0.20270270270270271,0.32857142857142857,0.13846153846153847,0.13636363636363635,0.918918918918919,0.030303030303030304,0.1111111111111111,0.4266666666666667,0.0547945205479452,0.4657534246575342,0.04411764705882353,0.0,0.9577464788732394,0.17391304347826086,0.13432835820895522,0.0,0.9857142857142858,0.125
TCGA-06-2562,0.2753623188405797,0.7428571428571429,0.12,0.12307692307692308,0.2727272727272727,0.2916666666666667,0.14925373134328357,0.7272727272727273,0.3424657534246575,0.23529411764705882,0.4126984126984127,0.23529411764705882,0.08108108108108109,0.2835820895522388,0.12698412698412698,0.08695652173913043,0.6716417910447762,0.031746031746031744,0.2463768115942029,0.3235294117647059,0.015151515151515152,0.203125,0.3235294117647059,0.10606060606060606,0.2857142857142857,0.8656716417910447,0.6612903225806451,0.7910447761194029,0.6666666666666666,0.8805970149253731,0.16666666666666666,0.27419354838709675,0.2898550724637681,0.819672131147541,0.24193548387096775,0.18309859154929578,0.013888888888888888,0.0,0.7945205479452054,1.0,0.06349206349206349,0.875,0.2835820895522388,0.1774193548387097,0.13157894736842105,0.109375,0.08571428571428572,0.09722222222222222,0.14084507042253522,0.08333333333333333,0.855072463768116,0.1111111111111111,0.5522388059701493,0.14084507042253522,0.11267605633802817,0.22388059701492538,0.2463768115942029,0.28125,0.3333333333333333,0.3548387096774194,0.6212121212121212,0.015151515151515152,0.13846153846153847,0.21621621621621623,0.5151515151515151,0.3333333333333333,0.2647058823529412,0.0958904109589041,0.8571428571428571,0.3230769230769231,0.11475409836065574,0.27941176470588236,0.22857142857142856,0.041666666666666664,0.6911764705882353,0.13043478260869565,0.4520547945205479,0.7941176470588235,0.78125,0.31746031746031744,0.8028169014084507,0.19117647058823528,0.12307692307692308,0.8450704225352113,0.6623376623376623,0.34328358208955223,0.27692307692307694,0.26229508196721313,0.21739130434782608,0.06153846153846154,0.3283582089552239,0.20588235294117646,0.8548387096774194,0.12857142857142856,0.6515151515151515,0.14925373134328357,0.3076923076923077,0.015384615384615385,0.11428571428571428,0.6923076923076923,0.7352941176470589,0.2835820895522388,0.34782608695652173,0.2318840579710145,0.056338028169014086,0.09090909090909091,0.015384615384615385,0.1323529411764706,0.5428571428571428,0.1044776119402985,0.14666666666666667,0.03076923076923077,0.203125,0.7419354838709677,0.2631578947368421,0.1111111111111111,0.109375,0.6417910447761194,0.14925373134328357,0.8235294117647058,0.2786885245901639,0.3125,0.6805555555555556,0.1774193548387097,0.11428571428571428,0.5970149253731343,0.3188405797101449,0.3389830508474576,0.43478260869565216,0.8548387096774194,0.44285714285714284,0.35384615384615387,0.2638888888888889,0.3230769230769231,0.2222222222222222,0.3548387096774194,0.7605633802816901,0.09836065573770492,0.1111111111111111,0.37681159420289856,0.06944444444444445,0.4714285714285714,0.046875,0.056338028169014086,0.7857142857142857,0.25757575757575757,0.3333333333333333,0.10144927536231885,0.7714285714285715,0.3181818181818182
TCGA-06-2563,0.2903225806451613,0.0,0.2537313432835821,0.15254237288135594,0.3220338983050847,0.234375,0.21311475409836064,0.016129032258064516,0.25757575757575757,0.25806451612903225,0.19642857142857142,0.2857142857142857,0.09230769230769231,0.2857142857142857,0.24561403508771928,0.06557377049180328,0.015873015873015872,0.13333333333333333,0.2542372881355932,0.27586206896551724,0.6949152542372882,0.3050847457627119,0.21052631578947367,0.8833333333333333,0.27586206896551724,0.01818181818181818,0.017857142857142856,0.016666666666666666,0.07272727272727272,0.0,0.12903225806451613,0.2222222222222222,0.21311475409836064,0.0,0.33962264150943394,0.15,0.5076923076923077,0.03389830508474576,0.0,0.06349206349206349,1.0,0.0,0.15625,0.3148148148148148,0.2537313432835821,0.24561403508771928,0.9032258064516129,0.09375,0.2,0.8333333333333334,0.0,0.9107142857142857,0.4,0.22580645161290322,0.24242424242424243,0.20967741935483872,0.3220338983050847,0.19298245614035087,0.3103448275862069,0.23214285714285715,0.05263157894736842,0.05172413793103448,0.29310344827586204,0.24242424242424243,0.0,0.25,0.3114754098360656,0.5846153846153846,0.0,0.29508196721311475,0.21428571428571427,0.29508196721311475,0.19672131147540983,0.09230769230769231,0.016666666666666666,0.2542372881355932,0.015625,0.016666666666666666,0.0,0.2909090909090909,0.0,0.23333333333333334,0.2,0.0,0.014925373134328358,0.15,0.2833333333333333,0.2830188679245283,0.25,0.21311475409836064,0.06666666666666667,0.25,0.0,0.18032786885245902,0.05172413793103448,0.2222222222222222,0.21818181818181817,0.4745762711864407,0.6031746031746031,0.11666666666666667,0.016666666666666666,0.26229508196721313,0.27419354838709675,0.1935483870967742,0.11290322580645161,0.1111111111111111,0.06896551724137931,0.2153846153846154,0.0,0.14754098360655737,0.1746031746031746,0.05172413793103448,0.25,0.0,0.32075471698113206,0.1774193548387097,0.2037037037037037,0.0,0.140625,0.0,0.3050847457627119,0.22413793103448276,0.0,0.05263157894736842,0.12903225806451613,0.0,0.25806451612903225,0.25925925925925924,0.06557377049180328,0.0,0.43548387096774194,0.2962962962962963,0.13333333333333333,0.017543859649122806,0.125,0.34545454545454546,0.0,0.1111111111111111,0.11290322580645161,0.5555555555555556,0.14754098360655737,0.06349206349206349,0.1016949152542373,0.016129032258064516,0.015625,0.2833333333333333,0.2807017543859649,0.8709677419354839,0.0,0.23333333333333334
TCGA-06-2564,0.14285714285714285,0.84375,0.10144927536231885,0.11864406779661017,0.15873015873015872,0.16417910447761194,0.11290322580645161,0.8412698412698413,0.18181818181818182,0.12121212121212122,0.5272727272727272,0.171875,0.06153846153846154,0.15,0.0967741935483871,0.09523809523809523,0.84375,0.016666666666666666,0.16666666666666666,0.18333333333333332,0.0,0.078125,0.22950819672131148,0.06666666666666667,0.19047619047619047,0.9833333333333333,0.8095238095238095,0.9016393442622951,0.7017543859649122,1.0,0.1111111111111111,0.1864406779661017,0.203125,0.9259259259259259,0.1694915254237288,0.15384615384615385,0.0,0.0,0.9402985074626866,0.875,0.0,1.0,0.27419354838709675,0.13333333333333333,0.08695652173913043,0.11864406779661017,0.0,0.07462686567164178,0.09523809523809523,0.018518518518518517,0.96875,0.05084745762711865,0.6031746031746031,0.1044776119402985,0.08955223880597014,0.14754098360655737,0.1935483870967742,0.3333333333333333,0.2033898305084746,0.19298245614035087,0.8166666666666667,0.015625,0.06557377049180328,0.16666666666666666,0.578125,0.1774193548387097,0.16666666666666666,0.046153846153846156,0.9508196721311475,0.1864406779661017,0.05084745762711865,0.15151515151515152,0.12903225806451613,0.03076923076923077,0.7586206896551724,0.11290322580645161,0.4925373134328358,0.90625,0.8928571428571429,0.16981132075471697,0.9393939393939394,0.08333333333333333,0.1206896551724138,0.9242424242424242,0.7323943661971831,0.45,0.15,0.1724137931034483,0.1746031746031746,0.034482758620689655,0.23880597014925373,0.12903225806451613,0.9454545454545454,0.1044776119402985,0.6666666666666666,0.09090909090909091,0.19672131147540983,0.0,0.07575757575757576,0.7068965517241379,0.8688524590163934,0.1875,0.22388059701492538,0.13432835820895522,0.014705882352941176,0.1,0.015873015873015872,0.10606060606060606,0.5522388059701493,0.05970149253731343,0.11764705882352941,0.015384615384615385,0.13114754098360656,0.847457627118644,0.12280701754385964,0.09523809523809523,0.1016949152542373,0.7377049180327869,0.06557377049180328,0.95,0.16071428571428573,0.2,0.8153846153846154,0.16393442622950818,0.07936507936507936,0.7076923076923077,0.18461538461538463,0.22807017543859648,0.45901639344262296,0.9649122807017544,0.5384615384615384,0.15517241379310345,0.2878787878787879,0.3064516129032258,0.16666666666666666,0.20634920634920634,0.9117647058823529,0.03636363636363636,0.1111111111111111,0.49230769230769234,0.047619047619047616,0.47692307692307695,0.016666666666666666,0.029850746268656716,0.9180327868852459,0.14754098360655737,0.20634920634920634,0.028985507246376812,0.9152542372881356,0.1875
TCGA-06-2565,0.5714285714285714,0.2608695652173913,0.4520547945205479,0.578125,0.49230769230769234,0.6388888888888888,0.4153846153846154,0.265625,0.5833333333333334,0.417910447761194,0.15789473684210525,0.625,0.4927536231884058,0.6557377049180327,0.4696969696969697,0.546875,0.2835820895522388,0.1044776119402985,0.6923076923076923,0.5074626865671642,0.015873015873015872,0.6363636363636364,0.6212121212121212,0.1774193548387097,0.5238095238095238,0.25,0.3333333333333333,0.2463768115942029,0.3103448275862069,0.2923076923076923,0.6615384615384615,0.6885245901639344,0.5285714285714286,0.3220338983050847,0.6333333333333333,0.47761194029850745,0.014492753623188406,0.24193548387096775,0.323943661971831,0.2835820895522388,0.15625,0.27419354838709675,1.0,0.53125,0.4084507042253521,0.4406779661016949,0.1323529411764706,0.42028985507246375,0.7538461538461538,0.15,0.2537313432835821,0.16129032258064516,0.13043478260869565,0.4583333333333333,0.43478260869565216,0.6119402985074627,0.6307692307692307,0.36507936507936506,0.5833333333333334,0.5079365079365079,0.3770491803278688,0.19696969696969696,0.5161290322580645,0.5211267605633803,0.16417910447761194,0.5303030303030303,0.6307692307692307,0.14285714285714285,0.3548387096774194,0.578125,0.6666666666666666,0.6029411764705882,0.5151515151515151,0.2112676056338028,0.171875,0.4153846153846154,0.2,0.2537313432835821,0.2542372881355932,0.48333333333333334,0.3142857142857143,0.4626865671641791,0.532258064516129,0.2916666666666667,0.14666666666666667,0.2608695652173913,0.5797101449275363,0.6491228070175439,0.5873015873015873,0.5384615384615384,0.4925373134328358,0.43283582089552236,0.26666666666666666,0.38235294117647056,0.47692307692307695,0.417910447761194,0.6,0.015873015873015872,0.22388059701492538,0.3548387096774194,0.26153846153846155,0.7246376811594203,0.5223880597014925,0.7101449275362319,0.15942028985507245,0.5967741935483871,0.42424242424242425,0.39705882352941174,0.17391304347826086,0.7076923076923077,0.782608695652174,0.15873015873015872,0.65625,0.2903225806451613,0.6440677966101694,0.5079365079365079,0.7241379310344828,0.22727272727272727,0.47761194029850745,0.296875,0.5901639344262295,0.625,0.25757575757575757,0.09375,0.31343283582089554,0.3188405797101449,0.5942028985507246,0.5932203389830508,0.34328358208955223,0.14516129032258066,0.15942028985507245,0.4603174603174603,0.29411764705882354,0.09523809523809523,0.6721311475409836,0.5161290322580645,0.37142857142857144,0.1774193548387097,0.17142857142857143,0.11428571428571428,0.6323529411764706,0.5942028985507246,0.14285714285714285,0.4857142857142857,0.359375,0.7714285714285715,0.5967741935483871,0.07246376811594203,0.359375,0.6153846153846154
TCGA-06-2567,0.7419354838709677,0.109375,0.8382352941176471,0.7457627118644068,0.746031746031746,0.7727272727272727,0.8032786885245902,0.1864406779661017,0.765625,0.71875,0.0,0.7540983606557377,0.3787878787878788,0.8135593220338984,0.7213114754098361,0.3870967741935484,0.15517241379310345,0.20689655172413793,0.7213114754098361,0.7580645161290323,0.05263157894736842,0.8666666666666667,0.7096774193548387,0.3,0.746031746031746,0.10344827586206896,0.13793103448275862,0.12698412698412698,0.38461538461538464,0.13114754098360656,0.6610169491525424,0.7454545454545455,0.703125,0.09615384615384616,0.75,0.7166666666666667,0.09230769230769231,0.08928571428571429,0.125,0.1774193548387097,0.3148148148148148,0.13333333333333333,0.53125,1.0,0.7230769230769231,0.7796610169491526,0.3225806451612903,0.359375,0.6101694915254238,0.1896551724137931,0.13333333333333333,0.24561403508771928,0.0,0.7878787878787878,0.7777777777777778,0.6101694915254238,0.746031746031746,0.6333333333333333,0.8181818181818182,0.7894736842105263,0.3333333333333333,0.12903225806451613,0.8333333333333334,0.7692307692307693,0.01639344262295082,0.7096774193548387,0.819672131147541,0.26153846153846155,0.15517241379310345,0.8,0.625,0.75,0.5166666666666667,0.30303030303030304,0.15517241379310345,0.8360655737704918,0.12698412698412698,0.11475409836065574,0.21428571428571427,0.7543859649122807,0.15,0.6825396825396826,0.6724137931034483,0.09523809523809523,0.08571428571428572,0.5873015873015873,0.7377049180327869,0.7857142857142857,0.7833333333333333,0.7272727272727273,0.6065573770491803,0.8360655737704918,0.17857142857142858,0.7301587301587301,0.2903225806451613,0.746031746031746,0.7457627118644068,0.05084745762711865,0.5238095238095238,0.3275862068965517,0.1896551724137931,0.75,0.7540983606557377,0.6507936507936508,0.2222222222222222,0.4482758620689655,0.41379310344827586,0.7846153846153846,0.0,0.5846153846153846,0.5692307692307692,0.21666666666666667,0.75,0.15254237288135594,0.7547169811320755,0.6721311475409836,0.7142857142857143,0.21311475409836064,0.421875,0.13114754098360656,0.8103448275862069,0.7666666666666667,0.08333333333333333,0.07142857142857142,0.6212121212121212,0.125,0.7076923076923077,0.7454545454545455,0.30158730158730157,0.08620689655172414,0.078125,0.7272727272727273,0.5538461538461539,0.017543859649122806,0.5714285714285714,0.7368421052631579,0.10606060606060606,0.1724137931034483,0.0625,0.03125,0.5873015873015873,0.296875,0.15,0.3968253968253968,0.1724137931034483,0.639344262295082,0.746031746031746,0.28125,0.11666666666666667,0.7540983606557377
TCGA-06-2569,0.6986301369863014,0.14084507042253522,0.9367088607594937,0.75,0.6323529411764706,0.6052631578947368,0.9444444444444444,0.1917808219178082,0.6756756756756757,0.8028169014084507,0.0,0.5915492957746479,0.5066666666666667,0.6268656716417911,0.8939393939393939,0.39436619718309857,0.19718309859154928,0.25,0.5070422535211268,0.6714285714285714,0.057971014492753624,0.6956521739130435,0.6142857142857143,0.24285714285714285,0.7014925373134329,0.08695652173913043,0.13043478260869565,0.15714285714285714,0.234375,0.08823529411764706,0.5428571428571428,0.5147058823529411,0.6805555555555556,0.0625,0.5454545454545454,0.7887323943661971,0.06578947368421052,0.13432835820895522,0.02564102564102564,0.13157894736842105,0.2537313432835821,0.08695652173913043,0.4084507042253521,0.7230769230769231,1.0,0.9230769230769231,0.2876712328767123,0.5324675324675324,0.625,0.2222222222222222,0.0821917808219178,0.2028985507246377,0.014084507042253521,0.8493150684931506,0.9473684210526315,0.5857142857142857,0.5492957746478874,0.7,0.6617647058823529,0.6666666666666666,0.18461538461538463,0.15714285714285714,0.676056338028169,0.7142857142857143,0.0,0.6901408450704225,0.6301369863013698,0.2727272727272727,0.09230769230769231,0.6231884057971014,0.6507936507936508,0.5866666666666667,0.4027777777777778,0.26666666666666666,0.16,0.9436619718309859,0.17333333333333334,0.11267605633802817,0.21212121212121213,0.640625,0.04054054054054054,0.5507246376811594,0.8059701492537313,0.04,0.1625,0.5857142857142857,0.6119402985074627,0.5230769230769231,0.5833333333333334,0.7391304347826086,0.5,0.7777777777777778,0.14285714285714285,0.875,0.2537313432835821,0.9305555555555556,0.6716417910447762,0.014492753623188406,0.6197183098591549,0.19117647058823528,0.17142857142857143,0.5915492957746479,0.684931506849315,0.6027397260273972,0.14473684210526316,0.38461538461538464,0.6119402985074627,0.958904109589041,0.0136986301369863,0.7361111111111112,0.631578947368421,0.1323529411764706,0.5857142857142857,0.16417910447761194,0.5714285714285714,0.8450704225352113,0.5846153846153846,0.14285714285714285,0.45714285714285713,0.05714285714285714,0.6268656716417911,0.6716417910447762,0.013888888888888888,0.0,0.7671232876712328,0.1506849315068493,0.6133333333333333,0.6666666666666666,0.273972602739726,0.15151515151515152,0.0547945205479452,0.6818181818181818,0.7105263157894737,0.0,0.6417910447761194,0.6363636363636364,0.0945945945945946,0.140625,0.08450704225352113,0.02702702702702703,0.8169014084507042,0.3835616438356164,0.09230769230769231,0.5733333333333334,0.057971014492753624,0.5070422535211268,0.6716417910447762,0.3972602739726027,0.028169014084507043,0.6086956521739131
TCGA-06-2570,0.711864406779661,0.15625,1.0,0.7833333333333333,0.603448275862069,0.6212121212121212,1.0,0.19672131147540983,0.65625,0.8225806451612904,0.0,0.576271186440678,0.49230769230769234,0.5932203389830508,0.9491525423728814,0.38095238095238093,0.18032786885245902,0.18032786885245902,0.5161290322580645,0.7,0.03508771929824561,0.7258064516129032,0.6166666666666667,0.27419354838709675,0.6779661016949152,0.1016949152542373,0.1724137931034483,0.16666666666666666,0.29310344827586204,0.09836065573770492,0.532258064516129,0.5094339622641509,0.6721311475409836,0.03773584905660377,0.5517241379310345,0.7619047619047619,0.06153846153846154,0.11864406779661017,0.04477611940298507,0.109375,0.24561403508771928,0.11864406779661017,0.4406779661016949,0.7796610169491526,0.9230769230769231,1.0,0.2903225806451613,0.45454545454545453,0.6451612903225806,0.25,0.11666666666666667,0.23728813559322035,0.016666666666666666,0.9402985074626866,1.0,0.5238095238095238,0.5833333333333334,0.896551724137931,0.6842105263157895,0.6851851851851852,0.20689655172413793,0.06666666666666667,0.7457627118644068,0.7910447761194029,0.0,0.696969696969697,0.6031746031746031,0.26153846153846155,0.1206896551724138,0.640625,0.6491228070175439,0.55,0.359375,0.21875,0.13333333333333333,0.9672131147540983,0.1791044776119403,0.0847457627118644,0.23076923076923078,0.6415094339622641,0.04838709677419355,0.5409836065573771,0.8305084745762712,0.04838709677419355,0.22058823529411764,0.7213114754098361,0.6166666666666667,0.5185185185185185,0.603448275862069,0.8070175438596491,0.5254237288135594,0.8387096774193549,0.125,0.9393939393939394,0.2631578947368421,0.9354838709677419,0.6724137931034483,0.016129032258064516,0.6349206349206349,0.1724137931034483,0.23333333333333334,0.5555555555555556,0.6935483870967742,0.5806451612903226,0.09375,0.38333333333333336,0.6551724137931034,1.0,0.015151515151515152,0.7230769230769231,0.6349206349206349,0.1111111111111111,0.5862068965517241,0.20689655172413793,0.5740740740740741,0.9206349206349206,0.6363636363636364,0.13793103448275862,0.47540983606557374,0.04838709677419355,0.625,0.631578947368421,0.0,0.017241379310344827,0.796875,0.13636363636363635,0.6166666666666667,0.6909090909090909,0.2786885245901639,0.12280701754385964,0.06451612903225806,0.7142857142857143,0.7878787878787878,0.0,0.6271186440677966,0.6071428571428571,0.07936507936507936,0.07017543859649122,0.03225806451612903,0.03125,0.8412698412698413,0.34375,0.06666666666666667,0.609375,0.06666666666666667,0.46551724137931033,0.6349206349206349,0.38095238095238093,0.015873015873015872,0.6451612903225806
TCGA-06-5408,0.2898550724637681,0.014705882352941176,0.2702702702702703,0.21212121212121213,0.3384615384615385,0.2702702702702703,0.27692307692307694,0.0,0.2876712328767123,0.2676056338028169,0.22580645161290322,0.2878787878787879,0.1267605633802817,0.27692307692307694,0.2898550724637681,0.07352941176470588,0.0,0.15942028985507245,0.22857142857142856,0.2923076923076923,0.6307692307692307,0.30303030303030304,0.29411764705882354,0.9076923076923077,0.2923076923076923,0.0,0.015384615384615385,0.014705882352941176,0.12121212121212122,0.0,0.16417910447761194,0.21311475409836064,0.2608695652173913,0.0,0.30303030303030304,0.25,0.4666666666666667,0.045454545454545456,0.0,0.08571428571428572,0.9032258064516129,0.0,0.1323529411764706,0.3225806451612903,0.2876712328767123,0.2903225806451613,1.0,0.0945945945945946,0.24285714285714285,0.8620689655172413,0.0,0.9047619047619048,0.36764705882352944,0.2777777777777778,0.3055555555555556,0.22388059701492538,0.3235294117647059,0.1935483870967742,0.3125,0.25396825396825395,0.01639344262295082,0.058823529411764705,0.3870967741935484,0.28169014084507044,0.0,0.3181818181818182,0.3382352941176471,0.5942028985507246,0.0,0.3076923076923077,0.31666666666666665,0.26865671641791045,0.14285714285714285,0.1095890410958904,0.03125,0.2898550724637681,0.014084507042253521,0.0,0.015384615384615385,0.30158730158730157,0.0,0.2714285714285714,0.24193548387096775,0.0,0.0,0.16417910447761194,0.2835820895522388,0.25396825396825395,0.23880597014925373,0.208955223880597,0.14492753623188406,0.29577464788732394,0.015384615384615385,0.2714285714285714,0.04838709677419355,0.25,0.2857142857142857,0.45588235294117646,0.6376811594202898,0.07575757575757576,0.014705882352941176,0.2361111111111111,0.30303030303030304,0.2638888888888889,0.08333333333333333,0.07936507936507936,0.09375,0.2463768115942029,0.0,0.23880597014925373,0.1780821917808219,0.046153846153846156,0.27692307692307694,0.0,0.2833333333333333,0.23529411764705882,0.2033898305084746,0.028985507246376812,0.08823529411764706,0.0,0.2923076923076923,0.24615384615384617,0.0,0.03278688524590164,0.16901408450704225,0.014925373134328358,0.2714285714285714,0.3103448275862069,0.05970149253731343,0.0,0.463768115942029,0.3387096774193548,0.15492957746478872,0.015384615384615385,0.22950819672131148,0.38095238095238093,0.0,0.12121212121212122,0.0821917808219178,0.5555555555555556,0.1917808219178082,0.11267605633802817,0.07575757575757576,0.07142857142857142,0.014925373134328358,0.22388059701492538,0.3181818181818182,0.9,0.0,0.27941176470588236
TCGA-06-5410,0.4225352112676056,0.08571428571428572,0.47368421052631576,0.4925373134328358,0.417910447761194,0.4189189189189189,0.5072463768115942,0.07246376811594203,0.4266666666666667,0.4492753623188406,0.0,0.43283582089552236,0.8783783783783784,0.45588235294117646,0.4696969696969697,0.8695652173913043,0.1095890410958904,0.1323529411764706,0.45714285714285713,0.4057971014492754,0.015151515151515152,0.3888888888888889,0.40298507462686567,0.08955223880597014,0.453125,0.078125,0.07352941176470588,0.07142857142857142,0.18032786885245902,0.058823529411764705,0.43478260869565216,0.4032258064516129,0.4411764705882353,0.04918032786885246,0.46153846153846156,0.5211267605633803,0.013333333333333334,0.42424242424242425,0.07894736842105263,0.09722222222222222,0.09375,0.07462686567164178,0.42028985507246375,0.359375,0.5324675324675324,0.45454545454545453,0.0945945945945946,1.0,0.4492753623188406,0.14516129032258066,0.08450704225352113,0.07692307692307693,0.014285714285714285,0.4520547945205479,0.4788732394366197,0.5857142857142857,0.4142857142857143,0.3880597014925373,0.42424242424242425,0.4126984126984127,0.19402985074626866,0.17391304347826086,0.43283582089552236,0.43243243243243246,0.0,0.4852941176470588,0.4507042253521127,0.44594594594594594,0.07575757575757576,0.45588235294117646,0.47619047619047616,0.4264705882352941,0.7887323943661971,0.136986301369863,0.1044776119402985,0.4782608695652174,0.47297297297297297,0.07142857142857142,0.07692307692307693,0.38095238095238093,0.0958904109589041,0.36764705882352944,0.45901639344262296,0.0684931506849315,0.28205128205128205,0.3235294117647059,0.36231884057971014,0.46774193548387094,0.417910447761194,0.3384615384615385,0.2714285714285714,0.4142857142857143,0.07936507936507936,0.5277777777777778,0.16417910447761194,0.5070422535211268,0.417910447761194,0.0,0.22857142857142856,0.15151515151515152,0.043478260869565216,0.4788732394366197,0.4507042253521127,0.4444444444444444,0.05405405405405406,0.8636363636363636,0.8656716417910447,0.4931506849315068,0.028169014084507043,0.5774647887323944,0.5675675675675675,0.057971014492753624,0.4696969696969697,0.07462686567164178,0.4603174603174603,0.4411764705882353,0.5806451612903226,0.04477611940298507,0.8142857142857143,0.11940298507462686,0.4090909090909091,0.5076923076923077,0.1267605633802817,0.03076923076923077,0.3424657534246575,0.04225352112676056,0.4166666666666667,0.38095238095238093,0.4142857142857143,0.12698412698412698,0.014285714285714285,0.4393939393939394,0.4594594594594595,0.0,0.4426229508196721,0.36363636363636365,0.08108108108108109,0.09523809523809523,0.041666666666666664,0.0,0.5416666666666666,0.3472222222222222,0.045454545454545456,0.7916666666666666,0.07352941176470588,0.4782608695652174,0.45454545454545453,0.12857142857142856,0.11594202898550725,0.4084507042253521
TCGA-06-5411,0.7428571428571429,0.11594202898550725,0.6351351351351351,0.7164179104477612,0.6153846153846154,0.7183098591549296,0.6268656716417911,0.10144927536231885,0.7142857142857143,0.6029411764705882,0.03076923076923077,0.7121212121212122,0.6086956521739131,0.71875,0.696969696969697,0.6417910447761194,0.1076923076923077,0.171875,0.7910447761194029,0.6363636363636364,0.030303030303030304,0.7384615384615385,0.7352941176470589,0.23880597014925373,0.7076923076923077,0.09375,0.16923076923076924,0.046153846153846156,0.3225806451612903,0.10294117647058823,0.676923076923077,0.8103448275862069,0.6865671641791045,0.2033898305084746,0.6984126984126984,0.6470588235294118,0.028169014084507043,0.234375,0.09722222222222222,0.14084507042253522,0.2,0.09523809523809523,0.7538461538461538,0.6101694915254238,0.625,0.6451612903225806,0.24285714285714285,0.4492753623188406,1.0,0.2413793103448276,0.1076923076923077,0.2698412698412698,0.029411764705882353,0.5694444444444444,0.6470588235294118,0.746031746031746,0.7,0.4444444444444444,0.7457627118644068,0.6721311475409836,0.25,0.2535211267605634,0.6507936507936508,0.7432432432432432,0.0,0.6417910447761194,0.7246376811594203,0.2112676056338028,0.109375,0.71875,0.8983050847457628,0.7761194029850746,0.5294117647058824,0.2465753424657534,0.045454545454545456,0.6142857142857143,0.16901408450704225,0.10606060606060606,0.06451612903225806,0.6440677966101694,0.11594202898550725,0.5522388059701493,0.8548387096774194,0.08571428571428572,0.09210526315789473,0.35384615384615387,0.703125,0.7288135593220338,0.7076923076923077,0.7076923076923077,0.5671641791044776,0.6666666666666666,0.03389830508474576,0.6338028169014085,0.3384615384615385,0.6666666666666666,0.7777777777777778,0.03125,0.4411764705882353,0.16923076923076924,0.11940298507462686,0.7285714285714285,0.6911764705882353,0.9285714285714286,0.14084507042253522,0.6363636363636364,0.532258064516129,0.5882352941176471,0.057971014492753624,0.8939393939393939,0.92,0.125,0.7384615384615385,0.125,0.7,0.7714285714285715,0.796875,0.140625,0.5606060606060606,0.1044776119402985,0.7580645161290323,0.703125,0.07462686567164178,0.04838709677419355,0.5147058823529411,0.15151515151515152,0.7761194029850746,0.711864406779661,0.24242424242424243,0.045454545454545456,0.04225352112676056,0.6,0.4027777777777778,0.014492753623188406,0.890625,0.6825396825396826,0.16901408450704225,0.16393442622950818,0.17391304347826086,0.02857142857142857,0.8695652173913043,0.5362318840579711,0.125,0.6197183098591549,0.11764705882352941,0.8529411764705882,0.703125,0.16176470588235295,0.12121212121212122,0.7246376811594203
TCGA-06-5412,0.2413793103448276,0.04918032786885246,0.2222222222222222,0.24561403508771928,0.23728813559322035,0.19672131147540983,0.19642857142857142,0.01818181818181818,0.23728813559322035,0.26666666666666666,0.26,0.19230769230769232,0.15,0.1509433962264151,0.25925925925925924,0.1206896551724138,0.0,0.10714285714285714,0.22413793103448276,0.2631578947368421,0.6296296296296297,0.16666666666666666,0.2037037037037037,0.8545454545454545,0.24074074074074073,0.016666666666666666,0.019230769230769232,0.016666666666666666,0.12244897959183673,0.0,0.1111111111111111,0.21568627450980393,0.19298245614035087,0.019230769230769232,0.25,0.17543859649122806,0.45,0.03508771929824561,0.0,0.08333333333333333,0.8333333333333334,0.018518518518518517,0.15,0.1896551724137931,0.2222222222222222,0.25,0.8620689655172413,0.14516129032258066,0.2413793103448276,1.0,0.03389830508474576,0.8909090909090909,0.4576271186440678,0.21666666666666667,0.23728813559322035,0.2,0.21052631578947367,0.16363636363636364,0.24528301886792453,0.15384615384615385,0.03571428571428571,0.10344827586206896,0.2631578947368421,0.2222222222222222,0.0,0.2413793103448276,0.21052631578947367,0.625,0.03773584905660377,0.21428571428571427,0.2777777777777778,0.21052631578947367,0.10526315789473684,0.04918032786885246,0.017543859649122806,0.22950819672131148,0.06666666666666667,0.03389830508474576,0.04081632653061224,0.16981132075471697,0.0,0.19642857142857142,0.25,0.01694915254237288,0.03125,0.1896551724137931,0.17543859649122806,0.17647058823529413,0.18181818181818182,0.14035087719298245,0.14035087719298245,0.20754716981132076,0.038461538461538464,0.16393442622950818,0.08333333333333333,0.21052631578947367,0.21818181818181817,0.5254237288135594,0.631578947368421,0.05454545454545454,0.018518518518518517,0.17543859649122806,0.21052631578947367,0.24561403508771928,0.06896551724137931,0.11538461538461539,0.1320754716981132,0.1896551724137931,0.03278688524590164,0.3,0.1864406779661017,0.03571428571428571,0.21428571428571427,0.018518518518518517,0.3018867924528302,0.2033898305084746,0.17647058823529413,0.03571428571428571,0.16363636363636364,0.0,0.21568627450980393,0.16071428571428573,0.0,0.05357142857142857,0.15,0.03389830508474576,0.25862068965517243,0.19642857142857142,0.05172413793103448,0.018867924528301886,0.42105263157894735,0.2641509433962264,0.14516129032258066,0.018518518518518517,0.3018867924528302,0.27450980392156865,0.0,0.11764705882352941,0.15254237288135594,0.576271186440678,0.21428571428571427,0.15,0.07547169811320754,0.16129032258064516,0.0,0.25862068965517243,0.21818181818181817,0.8392857142857143,0.0,0.24074074074074073
TCGA-06-5413,0.20588235294117646,0.835820895522388,0.0958904109589041,0.12307692307692308,0.1875,0.2463768115942029,0.10606060606060606,0.8382352941176471,0.2318840579710145,0.16666666666666666,0.4745762711864407,0.1774193548387097,0.057971014492753624,0.1935483870967742,0.1076923076923077,0.06060606060606061,0.7971014492753623,0.015625,0.19402985074626866,0.22058823529411764,0.0,0.09090909090909091,0.234375,0.07936507936507936,0.22580645161290322,0.9692307692307692,0.7777777777777778,0.873015873015873,0.65,0.9696969696969697,0.125,0.22580645161290322,0.24242424242424243,0.8947368421052632,0.14754098360655737,0.14084507042253522,0.0,0.0,0.9154929577464789,0.855072463768116,0.0,0.96875,0.2537313432835821,0.13333333333333333,0.0821917808219178,0.11666666666666667,0.0,0.08450704225352113,0.1076923076923077,0.03389830508474576,1.0,0.0625,0.5671641791044776,0.1267605633802817,0.10144927536231885,0.15384615384615385,0.19402985074626866,0.31746031746031744,0.2833333333333333,0.24193548387096775,0.7704918032786885,0.015384615384615385,0.08064516129032258,0.19718309859154928,0.5384615384615384,0.2537313432835821,0.1791044776119403,0.028169014084507043,0.9838709677419355,0.24615384615384617,0.08333333333333333,0.22727272727272727,0.14925373134328357,0.02857142857142857,0.7384615384615385,0.10606060606060606,0.47058823529411764,0.890625,0.8360655737704918,0.2033898305084746,0.9117647058823529,0.09090909090909091,0.13333333333333333,0.9583333333333334,0.7162162162162162,0.421875,0.203125,0.1864406779661017,0.203125,0.045454545454545456,0.26865671641791045,0.16923076923076924,0.9166666666666666,0.11940298507462686,0.7258064516129032,0.1,0.23809523809523808,0.0,0.07246376811594203,0.676923076923077,0.8615384615384616,0.18309859154929578,0.2753623188405797,0.17391304347826086,0.028985507246376812,0.08064516129032258,0.0,0.10144927536231885,0.6197183098591549,0.09090909090909091,0.14084507042253522,0.015384615384615385,0.1935483870967742,0.8360655737704918,0.13114754098360656,0.1076923076923077,0.08620689655172414,0.746268656716418,0.109375,0.90625,0.20967741935483872,0.23809523809523808,0.7647058823529411,0.1746031746031746,0.08695652173913043,0.7391304347826086,0.2571428571428571,0.3103448275862069,0.4857142857142857,0.9354838709677419,0.5147058823529411,0.22580645161290322,0.24285714285714285,0.34375,0.2459016393442623,0.25396825396825395,0.8571428571428571,0.05,0.1,0.4626865671641791,0.05970149253731343,0.4852941176470588,0.03076923076923077,0.043478260869565216,0.8769230769230769,0.16417910447761194,0.24193548387096775,0.04225352112676056,0.8939393939393939,0.25757575757575757
TCGA-06-5414,0.328125,0.03225806451612903,0.18309859154929578,0.1864406779661017,0.25806451612903225,0.29411764705882354,0.2,0.015625,0.3333333333333333,0.26153846153846155,0.2542372881355932,0.3050847457627119,0.1076923076923077,0.2631578947368421,0.24193548387096775,0.11475409836065574,0.015151515151515152,0.09523809523809523,0.24615384615384617,0.3442622950819672,0.5967741935483871,0.22580645161290322,0.3064516129032258,0.9836065573770492,0.3442622950819672,0.046875,0.01694915254237288,0.03278688524590164,0.15517241379310345,0.034482758620689655,0.18032786885245902,0.27586206896551724,0.3333333333333333,0.03773584905660377,0.3387096774193548,0.20634920634920634,0.45454545454545453,0.03389830508474576,0.0,0.1111111111111111,0.9107142857142857,0.05084745762711865,0.16129032258064516,0.24561403508771928,0.2028985507246377,0.23728813559322035,0.9047619047619048,0.07692307692307693,0.2698412698412698,0.8909090909090909,0.0625,1.0,0.417910447761194,0.2,0.20588235294117646,0.2,0.3064516129032258,0.13114754098360656,0.32142857142857145,0.27586206896551724,0.017857142857142856,0.04411764705882353,0.2631578947368421,0.30434782608695654,0.0,0.3492063492063492,0.296875,0.5522388059701493,0.05,0.3333333333333333,0.2631578947368421,0.3125,0.1746031746031746,0.05970149253731343,0.031746031746031744,0.2,0.015151515151515152,0.06349206349206349,0.03636363636363636,0.3103448275862069,0.015625,0.20967741935483872,0.2631578947368421,0.014705882352941176,0.0273972602739726,0.140625,0.3,0.27586206896551724,0.26229508196721313,0.2033898305084746,0.2,0.24615384615384617,0.03636363636363636,0.18461538461538463,0.14035087719298245,0.2,0.3,0.5079365079365079,0.5074626865671642,0.06779661016949153,0.034482758620689655,0.265625,0.2903225806451613,0.265625,0.06153846153846154,0.11864406779661017,0.06779661016949153,0.18181818181818182,0.045454545454545456,0.23076923076923078,0.208955223880597,0.0625,0.2857142857142857,0.01694915254237288,0.3333333333333333,0.2033898305084746,0.21818181818181817,0.03333333333333333,0.18333333333333332,0.015625,0.3157894736842105,0.25806451612903225,0.015625,0.06451612903225806,0.13636363636363635,0.03125,0.3188405797101449,0.375,0.06153846153846154,0.04918032786885246,0.4,0.3275862068965517,0.1,0.016666666666666666,0.26666666666666666,0.3442622950819672,0.015151515151515152,0.05172413793103448,0.09230769230769231,0.6029411764705882,0.14516129032258066,0.12698412698412698,0.0847457627118644,0.0625,0.0,0.28125,0.36065573770491804,0.828125,0.015625,0.36363636363636365
TCGA-06-5415,0.05555555555555555,0.5857142857142857,0.013513513513513514,0.03076923076923077,0.03278688524590164,0.056338028169014086,0.015151515151515152,0.5538461538461539,0.04285714285714286,0.05714285714285714,0.36666666666666664,0.030303030303030304,0.014285714285714285,0.015873015873015872,0.015625,0.015151515151515152,0.5833333333333334,0.0,0.030303030303030304,0.05970149253731343,0.3125,0.014925373134328358,0.05970149253731343,0.4,0.045454545454545456,0.5692307692307692,0.5151515151515151,0.5588235294117647,0.4666666666666667,0.578125,0.0,0.03333333333333333,0.04285714285714286,0.5932203389830508,0.03125,0.014492753623188406,0.2535211267605634,0.0,0.5492957746478874,0.5522388059701493,0.4,0.6031746031746031,0.13043478260869565,0.0,0.014084507042253521,0.016666666666666666,0.36764705882352944,0.014285714285714285,0.029411764705882353,0.4576271186440678,0.5671641791044776,0.417910447761194,1.0,0.028985507246376812,0.014705882352941176,0.0,0.029850746268656716,0.1875,0.05,0.06349206349206349,0.43333333333333335,0.0,0.03225806451612903,0.02702702702702703,0.4090909090909091,0.07462686567164178,0.030303030303030304,0.30434782608695654,0.5873015873015873,0.046153846153846156,0.047619047619047616,0.07462686567164178,0.03076923076923077,0.014084507042253521,0.4461538461538462,0.015151515151515152,0.2753623188405797,0.6060606060606061,0.5833333333333334,0.03125,0.5571428571428572,0.04477611940298507,0.016129032258064516,0.6142857142857143,0.5131578947368421,0.21739130434782608,0.046153846153846156,0.01639344262295082,0.03076923076923077,0.0,0.043478260869565216,0.014925373134328358,0.6101694915254238,0.029850746268656716,0.4461538461538462,0.014285714285714285,0.03225806451612903,0.2647058823529412,0.2112676056338028,0.5079365079365079,0.546875,0.014285714285714285,0.05970149253731343,0.028985507246376812,0.0,0.015625,0.0,0.014285714285714285,0.4084507042253521,0.015151515151515152,0.0273972602739726,0.0,0.014925373134328358,0.5555555555555556,0.06666666666666667,0.0,0.0,0.44776119402985076,0.014925373134328358,0.5735294117647058,0.031746031746031744,0.015151515151515152,0.5441176470588235,0.12121212121212122,0.013888888888888888,0.5441176470588235,0.057971014492753624,0.06779661016949153,0.3188405797101449,0.6451612903225806,0.75,0.06349206349206349,0.16901408450704225,0.19047619047619047,0.06451612903225806,0.09523809523809523,0.5633802816901409,0.015873015873015872,0.04477611940298507,0.8405797101449275,0.0,0.32857142857142857,0.0,0.014492753623188406,0.5522388059701493,0.04477611940298507,0.0625,0.4057971014492754,0.5396825396825397,0.07042253521126761
TCGA-06-5416,0.7142857142857143,0.1388888888888889,0.9210526315789473,0.8059701492537313,0.6811594202898551,0.6756756756756757,0.9142857142857143,0.16417910447761194,0.6805555555555556,0.8533333333333334,0.0,0.6417910447761194,0.4166666666666667,0.6716417910447762,0.8142857142857143,0.36231884057971014,0.16176470588235295,0.21739130434782608,0.5714285714285714,0.7246376811594203,0.057971014492753624,0.7536231884057971,0.6571428571428571,0.26865671641791045,0.7313432835820896,0.1044776119402985,0.14492753623188406,0.14285714285714285,0.3492063492063492,0.08571428571428572,0.5942028985507246,0.5714285714285714,0.6575342465753424,0.06779661016949153,0.625,0.7323943661971831,0.0821917808219178,0.12307692307692308,0.06578947368421052,0.14084507042253522,0.22580645161290322,0.1044776119402985,0.4583333333333333,0.7878787878787878,0.8493150684931506,0.9402985074626866,0.2777777777777778,0.4520547945205479,0.5694444444444444,0.21666666666666667,0.1267605633802817,0.2,0.028985507246376812,1.0,0.9305555555555556,0.5223880597014925,0.6417910447761194,0.7121212121212122,0.7142857142857143,0.7121212121212122,0.21875,0.1,0.7142857142857143,0.8,0.0,0.7323943661971831,0.6911764705882353,0.273972602739726,0.13636363636363635,0.6811594202898551,0.5873015873015873,0.6417910447761194,0.37681159420289856,0.2638888888888889,0.18181818181818182,0.9428571428571428,0.16666666666666666,0.13043478260869565,0.1774193548387097,0.6666666666666666,0.06944444444444445,0.6285714285714286,0.746031746031746,0.06944444444444445,0.20512820512820512,0.7101449275362319,0.6857142857142857,0.5483870967741935,0.6567164179104478,0.7272727272727273,0.589041095890411,0.8405797101449275,0.11864406779661017,0.88,0.2923076923076923,0.8309859154929577,0.7076923076923077,0.045454545454545456,0.463768115942029,0.26153846153846155,0.2028985507246377,0.6111111111111112,0.7083333333333334,0.5633802816901409,0.17567567567567569,0.3582089552238806,0.5294117647058824,0.8873239436619719,0.027777777777777776,0.6428571428571429,0.5921052631578947,0.16901408450704225,0.6268656716417911,0.18461538461538463,0.6349206349206349,0.8,0.6153846153846154,0.22058823529411764,0.43478260869565216,0.07575757575757576,0.6984126984126984,0.6865671641791045,0.028169014084507043,0.06060606060606061,0.7323943661971831,0.125,0.676056338028169,0.6833333333333333,0.2676056338028169,0.08823529411764706,0.07246376811594203,0.7424242424242424,0.7297297297297297,0.0,0.53125,0.676923076923077,0.05555555555555555,0.125,0.08450704225352113,0.02631578947368421,0.704225352112676,0.352112676056338,0.13432835820895522,0.4794520547945205,0.07142857142857142,0.4927536231884058,0.696969696969697,0.35135135135135137,0.058823529411764705,0.6811594202898551
TCGA-06-5417,0.6901408450704225,0.15942028985507245,0.987012987012987,0.796875,0.6470588235294118,0.631578947368421,0.9850746268656716,0.18840579710144928,0.6712328767123288,0.821917808219178,0.0,0.5882352941176471,0.4722222222222222,0.6515151515151515,0.9230769230769231,0.36231884057971014,0.19117647058823528,0.2537313432835821,0.5285714285714286,0.6764705882352942,0.05714285714285714,0.7205882352941176,0.625,0.2537313432835821,0.6923076923076923,0.08823529411764706,0.15384615384615385,0.14925373134328357,0.27419354838709675,0.07352941176470588,0.5757575757575758,0.578125,0.6911764705882353,0.06779661016949153,0.5692307692307692,0.7971014492753623,0.06944444444444445,0.140625,0.04,0.11267605633802817,0.24242424242424243,0.08955223880597014,0.43478260869565216,0.7777777777777778,0.9473684210526315,1.0,0.3055555555555556,0.4788732394366197,0.6470588235294118,0.23728813559322035,0.10144927536231885,0.20588235294117646,0.014705882352941176,0.9305555555555556,1.0,0.5441176470588235,0.6086956521739131,0.796875,0.671875,0.6774193548387096,0.2,0.16176470588235295,0.7424242424242424,0.7534246575342466,0.0,0.7101449275362319,0.6666666666666666,0.2465753424657534,0.1111111111111111,0.6615384615384615,0.6935483870967742,0.6086956521739131,0.36231884057971014,0.25675675675675674,0.16176470588235295,0.9701492537313433,0.18055555555555555,0.07352941176470588,0.1935483870967742,0.639344262295082,0.058823529411764705,0.5373134328358209,0.8125,0.05555555555555555,0.1794871794871795,0.6666666666666666,0.6268656716417911,0.5573770491803278,0.6231884057971014,0.7605633802816901,0.4857142857142857,0.8309859154929577,0.09375,0.9420289855072463,0.28125,0.9295774647887324,0.6935483870967742,0.014285714285714285,0.6428571428571429,0.1875,0.20588235294117646,0.6086956521739131,0.6857142857142857,0.6111111111111112,0.1388888888888889,0.36507936507936506,0.6086956521739131,0.9863013698630136,0.014084507042253521,0.7605633802816901,0.6712328767123288,0.14925373134328357,0.6470588235294118,0.16923076923076924,0.6065573770491803,0.8857142857142857,0.6557377049180327,0.19117647058823528,0.4411764705882353,0.04477611940298507,0.6349206349206349,0.6617647058823529,0.014084507042253521,0.0,0.7428571428571429,0.15942028985507245,0.6666666666666666,0.6949152542372882,0.2676056338028169,0.09375,0.05714285714285714,0.7213114754098361,0.7361111111111112,0.0,0.6417910447761194,0.6363636363636364,0.08450704225352113,0.12121212121212122,0.08571428571428572,0.0136986301369863,0.8309859154929577,0.375,0.07575757575757576,0.5571428571428572,0.07352941176470588,0.5223880597014925,0.676923076923077,0.391304347826087,0.04411764705882353,0.6376811594202898
TCGA-06-5418,0.7777777777777778,0.07575757575757576,0.5797101449275363,0.639344262295082,0.75,0.7536231884057971,0.5151515151515151,0.06349206349206349,0.7971014492753623,0.625,0.0,0.8,0.5454545454545454,0.7903225806451613,0.5161290322580645,0.6349206349206349,0.045454545454545456,0.1076923076923077,0.8461538461538461,0.7538461538461538,0.03225806451612903,0.65625,0.7166666666666667,0.20967741935483872,0.7619047619047619,0.1746031746031746,0.06779661016949153,0.10294117647058823,0.3275862068965517,0.18032786885245902,0.746268656716418,0.847457627118644,0.7424242424242424,0.15517241379310345,0.796875,0.7014925373134329,0.04225352112676056,0.14516129032258066,0.18571428571428572,0.22388059701492538,0.20967741935483872,0.14754098360655737,0.6119402985074627,0.6101694915254238,0.5857142857142857,0.5238095238095238,0.22388059701492538,0.5857142857142857,0.746031746031746,0.2,0.15384615384615385,0.2,0.0,0.5223880597014925,0.5441176470588235,1.0,0.803030303030303,0.38333333333333336,0.7586206896551724,0.7288135593220338,0.3389830508474576,0.140625,0.6461538461538462,0.6956521739130435,0.03076923076923077,0.7424242424242424,0.8333333333333334,0.3088235294117647,0.1774193548387097,0.8125,0.6557377049180327,0.7538461538461538,0.6923076923076923,0.36764705882352944,0.109375,0.5625,0.10144927536231885,0.13846153846153847,0.08620689655172414,0.7457627118644068,0.20588235294117646,0.6612903225806451,0.6166666666666667,0.17142857142857143,0.0821917808219178,0.4126984126984127,0.796875,0.8275862068965517,0.7936507936507936,0.5238095238095238,0.5645161290322581,0.6461538461538462,0.13114754098360656,0.5441176470588235,0.31666666666666665,0.5303030303030303,0.7903225806451613,0.045454545454545456,0.38461538461538464,0.3125,0.07936507936507936,0.875,0.7313432835820896,0.796875,0.22388059701492538,0.6271186440677966,0.43548387096774194,0.5074626865671642,0.045454545454545456,0.6615384615384615,0.7205882352941176,0.2153846153846154,0.8548387096774194,0.06557377049180328,0.8771929824561403,0.5079365079365079,0.8070175438596491,0.171875,0.5714285714285714,0.20967741935483872,0.7666666666666667,0.8412698412698413,0.06451612903225806,0.12903225806451613,0.5373134328358209,0.06153846153846154,0.7384615384615385,0.7288135593220338,0.234375,0.15,0.07575757575757576,0.6666666666666666,0.3582089552238806,0.03225806451612903,0.65,0.7258064516129032,0.16417910447761194,0.2542372881355932,0.1044776119402985,0.0,0.5882352941176471,0.3382352941176471,0.2,0.4,0.21875,0.7777777777777778,0.7868852459016393,0.2,0.19117647058823528,0.7419354838709677
TCGA-06-5856,0.8805970149253731,0.03076923076923077,0.6438356164383562,0.6875,0.8153846153846154,0.9565217391304348,0.5522388059701493,0.06153846153846154,0.9142857142857143,0.6865671641791045,0.03225806451612903,0.9538461538461539,0.4142857142857143,0.953125,0.5238095238095238,0.4461538461538462,0.046153846153846156,0.21875,0.9104477611940298,0.8787878787878788,0.046875,0.8181818181818182,0.8888888888888888,0.359375,0.8923076923076924,0.2,0.11475409836065574,0.07692307692307693,0.4482758620689655,0.18181818181818182,0.75,0.9482758620689655,0.8125,0.16393442622950818,0.9846153846153847,0.7205882352941176,0.08450704225352113,0.15873015873015872,0.20833333333333334,0.2463768115942029,0.3220338983050847,0.1935483870967742,0.6307692307692307,0.746031746031746,0.5492957746478874,0.5833333333333334,0.3235294117647059,0.4142857142857143,0.7,0.21052631578947367,0.19402985074626866,0.3064516129032258,0.029850746268656716,0.6417910447761194,0.6086956521739131,0.803030303030303,1.0,0.4098360655737705,0.9333333333333333,0.8360655737704918,0.4098360655737705,0.11940298507462686,0.765625,0.875,0.03076923076923077,0.8823529411764706,0.9850746268656716,0.30985915492957744,0.19402985074626866,0.9384615384615385,0.6271186440677966,0.890625,0.6376811594202898,0.38028169014084506,0.109375,0.6461538461538462,0.05970149253731343,0.13636363636363635,0.047619047619047616,0.8813559322033898,0.22058823529411764,0.6666666666666666,0.5967741935483871,0.15942028985507245,0.06578947368421052,0.4393939393939394,0.921875,0.9508196721311475,0.9696969696969697,0.578125,0.6060606060606061,0.7692307692307693,0.1,0.6176470588235294,0.375,0.5441176470588235,0.9193548387096774,0.06153846153846154,0.34782608695652173,0.36363636363636365,0.08823529411764706,0.9696969696969697,0.8529411764705882,0.8059701492537313,0.32857142857142857,0.49206349206349204,0.26229508196721313,0.5416666666666666,0.07352941176470588,0.6119402985074627,0.6805555555555556,0.3230769230769231,0.967741935483871,0.06153846153846154,0.9642857142857143,0.5757575757575758,0.819672131147541,0.16666666666666666,0.5151515151515151,0.2,0.9344262295081968,0.9090909090909091,0.12121212121212122,0.18333333333333332,0.4714285714285714,0.05970149253731343,0.8955223880597015,0.8983050847457628,0.18840579710144928,0.09836065573770492,0.1323529411764706,0.8166666666666667,0.4142857142857143,0.046875,0.6101694915254238,0.8064516129032258,0.18055555555555555,0.2903225806451613,0.10294117647058823,0.014492753623188406,0.5362318840579711,0.3472222222222222,0.22580645161290322,0.25757575757575757,0.21875,0.835820895522388,0.9206349206349206,0.21739130434782608,0.22388059701492538,0.9253731343283582
TCGA-06-5858,0.515625,0.35384615384615387,0.75,0.5396825396825397,0.43548387096774194,0.3939393939393939,0.7692307692307693,0.4098360655737705,0.4626865671641791,0.5606060606060606,0.15789473684210525,0.3709677419354839,0.43478260869565216,0.41379310344827586,0.7241379310344828,0.31666666666666665,0.421875,0.16129032258064516,0.38095238095238093,0.45,0.016666666666666666,0.5454545454545454,0.4426229508196721,0.19047619047619047,0.45161290322580644,0.3114754098360656,0.34375,0.35384615384615387,0.46551724137931033,0.2786885245901639,0.3442622950819672,0.35714285714285715,0.5,0.2777777777777778,0.38596491228070173,0.5757575757575758,0.046153846153846156,0.08620689655172414,0.2463768115942029,0.28125,0.19298245614035087,0.3333333333333333,0.36507936507936506,0.6333333333333333,0.7,0.896551724137931,0.1935483870967742,0.3880597014925373,0.4444444444444444,0.16363636363636364,0.31746031746031744,0.13114754098360656,0.1875,0.7121212121212122,0.796875,0.38333333333333336,0.4098360655737705,1.0,0.4642857142857143,0.49122807017543857,0.2833333333333333,0.04838709677419355,0.5862068965517241,0.5428571428571428,0.171875,0.5238095238095238,0.421875,0.21739130434782608,0.3275862068965517,0.46774193548387094,0.44642857142857145,0.3787878787878788,0.3225806451612903,0.1323529411764706,0.3076923076923077,0.71875,0.24615384615384617,0.265625,0.40350877192982454,0.46774193548387094,0.265625,0.328125,0.6140350877192983,0.2878787878787879,0.4142857142857143,0.7213114754098361,0.4,0.37735849056603776,0.3728813559322034,0.6129032258064516,0.3484848484848485,0.6612903225806451,0.32142857142857145,0.7384615384615385,0.36666666666666664,0.7142857142857143,0.43333333333333335,0.015873015873015872,0.46774193548387094,0.3793103448275862,0.38333333333333336,0.36363636363636365,0.4838709677419355,0.42857142857142855,0.07692307692307693,0.3728813559322034,0.5333333333333333,0.7538461538461538,0.19117647058823528,0.578125,0.44776119402985076,0.09090909090909091,0.3870967741935484,0.4166666666666667,0.38596491228070173,0.7049180327868853,0.44642857142857145,0.31746031746031744,0.4098360655737705,0.1746031746031746,0.45901639344262296,0.42857142857142855,0.234375,0.08620689655172414,0.5230769230769231,0.28125,0.40298507462686567,0.46296296296296297,0.4838709677419355,0.3442622950819672,0.19696969696969696,0.4745762711864407,0.7384615384615385,0.1,0.4576271186440678,0.42105263157894735,0.3283582089552239,0.05084745762711865,0.01639344262295082,0.07692307692307693,0.6129032258064516,0.47619047619047616,0.03333333333333333,0.5074626865671642,0.2698412698412698,0.36923076923076925,0.45161290322580644,0.26865671641791045,0.22580645161290322,0.40625
TCGA-06-5859,0.9838709677419355,0.0847457627118644,0.7352941176470589,0.7413793103448276,0.8793103448275862,0.9682539682539683,0.6896551724137931,0.06896551724137931,0.984375,0.84375,0.01818181818181818,0.9166666666666666,0.4461538461538462,0.9322033898305084,0.631578947368421,0.4444444444444444,0.05,0.2033898305084746,0.8983050847457628,0.9649122807017544,0.04918032786885246,0.8103448275862069,0.9152542372881356,0.3793103448275862,1.0,0.21666666666666667,0.08771929824561403,0.08333333333333333,0.4909090909090909,0.20689655172413793,0.7166666666666667,0.8928571428571429,0.9032258064516129,0.1509433962264151,0.9090909090909091,0.6935483870967742,0.06349206349206349,0.11666666666666667,0.14705882352941177,0.3333333333333333,0.3103448275862069,0.2033898305084746,0.5833333333333334,0.8181818181818182,0.6617647058823529,0.6842105263157895,0.3125,0.42424242424242425,0.7457627118644068,0.24528301886792453,0.2833333333333333,0.32142857142857145,0.05,0.7142857142857143,0.671875,0.7586206896551724,0.9333333333333333,0.4642857142857143,1.0,0.9629629629629629,0.35714285714285715,0.11475409836065574,0.7368421052631579,0.8888888888888888,0.0,1.0,0.9365079365079365,0.25806451612903225,0.25,0.967741935483871,0.6792452830188679,0.9508196721311475,0.6451612903225806,0.3225806451612903,0.11290322580645161,0.7049180327868853,0.046875,0.2033898305084746,0.08928571428571429,0.9818181818181818,0.18032786885245902,0.6896551724137931,0.6491228070175439,0.17391304347826086,0.13432835820895522,0.4918032786885246,0.9333333333333333,0.8620689655172413,0.8852459016393442,0.6607142857142857,0.6825396825396826,0.8833333333333333,0.14814814814814814,0.7213114754098361,0.41379310344827586,0.625,0.9655172413793104,0.031746031746031744,0.38095238095238093,0.29310344827586204,0.11864406779661017,0.9180327868852459,0.9841269841269841,0.8225806451612904,0.25,0.43636363636363634,0.30357142857142855,0.6666666666666666,0.078125,0.6333333333333333,0.6666666666666666,0.23333333333333334,0.896551724137931,0.0847457627118644,0.9259259259259259,0.6271186440677966,0.7142857142857143,0.15873015873015872,0.5964912280701754,0.16666666666666666,0.9454545454545454,0.9473684210526315,0.04918032786885246,0.09259259259259259,0.5692307692307692,0.04838709677419355,1.0,0.9636363636363636,0.16393442622950818,0.14285714285714285,0.09836065573770492,0.9642857142857143,0.4444444444444444,0.017241379310344827,0.6727272727272727,0.9491525423728814,0.125,0.20754716981132076,0.109375,0.015625,0.5666666666666667,0.421875,0.19642857142857142,0.35384615384615387,0.1694915254237288,0.7966101694915254,0.9661016949152542,0.2537313432835821,0.16071428571428573,0.9836065573770492
TCGA-08-0386,0.9508196721311475,0.1016949152542373,0.7121212121212122,0.7142857142857143,0.8305084745762712,0.8923076923076924,0.7096774193548387,0.1,0.9333333333333333,0.8360655737704918,0.0,0.864406779661017,0.46774193548387094,0.8852459016393442,0.6271186440677966,0.4406779661016949,0.08064516129032258,0.1774193548387097,0.7857142857142857,0.9508196721311475,0.05263157894736842,0.7627118644067796,0.9166666666666666,0.3,0.9344262295081968,0.19672131147540983,0.05263157894736842,0.13114754098360656,0.4909090909090909,0.21052631578947367,0.6721311475409836,0.8135593220338984,0.9344262295081968,0.1509433962264151,0.8490566037735849,0.6666666666666666,0.07692307692307693,0.1016949152542373,0.140625,0.3548387096774194,0.23214285714285715,0.19298245614035087,0.5079365079365079,0.7894736842105263,0.6666666666666666,0.6851851851851852,0.25396825396825395,0.4126984126984127,0.6721311475409836,0.15384615384615385,0.24193548387096775,0.27586206896551724,0.06349206349206349,0.7121212121212122,0.6774193548387096,0.7288135593220338,0.8360655737704918,0.49122807017543857,0.9629629629629629,1.0,0.32142857142857145,0.05172413793103448,0.6842105263157895,0.828125,0.0,0.9830508474576272,0.8666666666666667,0.28125,0.24561403508771928,0.9491525423728814,0.6071428571428571,0.9047619047619048,0.6,0.3492063492063492,0.13793103448275862,0.7241379310344828,0.05,0.22950819672131148,0.14545454545454545,0.9310344827586207,0.15151515151515152,0.7,0.5714285714285714,0.171875,0.13043478260869565,0.4827586206896552,0.9491525423728814,0.8135593220338984,0.8333333333333334,0.5964912280701754,0.78125,0.8333333333333334,0.16981132075471697,0.7272727272727273,0.43103448275862066,0.6825396825396826,0.9285714285714286,0.05263157894736842,0.375,0.3050847457627119,0.13114754098360656,0.8548387096774194,0.9322033898305084,0.7419354838709677,0.23880597014925373,0.4107142857142857,0.32142857142857145,0.6935483870967742,0.06153846153846154,0.5737704918032787,0.6153846153846154,0.21428571428571427,0.8421052631578947,0.12280701754385964,0.8653846153846154,0.6333333333333333,0.6851851851851852,0.22950819672131148,0.5645161290322581,0.16666666666666666,0.9298245614035088,0.9491525423728814,0.03225806451612903,0.08620689655172414,0.609375,0.05,0.8888888888888888,0.9090909090909091,0.12903225806451613,0.17543859649122806,0.0625,0.9821428571428571,0.43548387096774194,0.0,0.5862068965517241,0.9107142857142857,0.11290322580645161,0.23333333333333334,0.06557377049180328,0.03278688524590164,0.53125,0.45161290322580644,0.1724137931034483,0.3968253968253968,0.16666666666666666,0.7288135593220338,0.9491525423728814,0.24615384615384617,0.13559322033898305,0.9354838709677419
TCGA-12-0616,0.2786885245901639,0.6451612903225806,0.208955223880597,0.3157894736842105,0.26229508196721313,0.36923076923076925,0.2,0.7321428571428571,0.3181818181818182,0.23076923076923078,0.37037037037037035,0.39344262295081966,0.16417910447761194,0.42105263157894735,0.19642857142857142,0.20689655172413793,0.6949152542372882,0.06896551724137931,0.39344262295081966,0.288135593220339,0.0,0.265625,0.3333333333333333,0.05,0.3050847457627119,0.7368421052631579,0.7321428571428571,0.71875,0.6363636363636364,0.7741935483870968,0.3157894736842105,0.4,0.2903225806451613,0.7647058823529411,0.3018867924528302,0.2857142857142857,0.015384615384615385,0.06666666666666667,0.8461538461538461,0.6212121212121212,0.05263157894736842,0.8166666666666667,0.3770491803278688,0.3333333333333333,0.18461538461538463,0.20689655172413793,0.01639344262295082,0.19402985074626866,0.25,0.03571428571428571,0.7704918032786885,0.017857142857142856,0.43333333333333335,0.21875,0.2,0.3389830508474576,0.4098360655737705,0.2833333333333333,0.35714285714285715,0.32142857142857145,1.0,0.07017543859649122,0.25862068965517243,0.3235294117647059,0.4426229508196721,0.2786885245901639,0.3770491803278688,0.10606060606060606,0.7457627118644068,0.3508771929824561,0.2,0.31666666666666665,0.26666666666666666,0.13636363636363635,0.5964912280701754,0.23809523809523808,0.41935483870967744,0.671875,0.7307692307692307,0.2982456140350877,0.8709677419354839,0.23728813559322035,0.21052631578947367,0.8225806451612904,0.5147058823529411,0.3770491803278688,0.30357142857142855,0.41818181818181815,0.3898305084745763,0.1724137931034483,0.3770491803278688,0.23728813559322035,0.7735849056603774,0.18181818181818182,0.5666666666666667,0.18333333333333332,0.3157894736842105,0.0,0.1111111111111111,0.631578947368421,0.6833333333333333,0.38333333333333336,0.35,0.31666666666666665,0.078125,0.2413793103448276,0.06896551724137931,0.20967741935483872,0.45161290322580644,0.23809523809523808,0.27419354838709675,0.11666666666666667,0.40350877192982454,0.6181818181818182,0.2692307692307692,0.19047619047619047,0.3508771929824561,0.6607142857142857,0.14516129032258066,0.8064516129032258,0.39285714285714285,0.41379310344827586,0.7,0.14285714285714285,0.1875,0.6,0.3442622950819672,0.35185185185185186,0.4426229508196721,0.6792452830188679,0.5409836065573771,0.2857142857142857,0.359375,0.2413793103448276,0.21818181818181817,0.25,0.7538461538461538,0.05555555555555555,0.09523809523809523,0.35,0.203125,0.5079365079365079,0.08771929824561403,0.06349206349206349,0.8225806451612904,0.32786885245901637,0.35,0.03333333333333333,0.8275862068965517,0.3225806451612903
TCGA-12-0618,0.11428571428571428,0.03076923076923077,0.136986301369863,0.203125,0.09230769230769231,0.11267605633802817,0.13846153846153847,0.015384615384615385,0.12857142857142856,0.1,0.36507936507936506,0.12121212121212122,0.13432835820895522,0.14285714285714285,0.208955223880597,0.2153846153846154,0.04477611940298507,0.8923076923076924,0.15151515151515152,0.09523809523809523,0.4492753623188406,0.14285714285714285,0.09375,0.030303030303030304,0.12307692307692308,0.015151515151515152,0.031746031746031744,0.0,0.016666666666666666,0.015625,0.1111111111111111,0.09836065573770492,0.08955223880597014,0.017543859649122806,0.125,0.15151515151515152,0.5652173913043478,0.7741935483870968,0.02857142857142857,0.015151515151515152,0.05172413793103448,0.015625,0.19696969696969696,0.12903225806451613,0.15714285714285714,0.06666666666666667,0.058823529411764705,0.17391304347826086,0.2535211267605634,0.10344827586206896,0.015384615384615385,0.04411764705882353,0.0,0.1,0.16176470588235295,0.140625,0.11940298507462686,0.04838709677419355,0.11475409836065574,0.05172413793103448,0.07017543859649122,1.0,0.1694915254237288,0.09859154929577464,0.4090909090909091,0.07575757575757576,0.14925373134328357,0.0,0.015151515151515152,0.0967741935483871,0.29310344827586204,0.10606060606060606,0.09523809523809523,0.5362318840579711,0.015384615384615385,0.14925373134328357,0.11428571428571428,0.0,0.0,0.06896551724137931,0.029850746268656716,0.09090909090909091,0.22033898305084745,0.028169014084507043,0.0,0.045454545454545456,0.109375,0.15254237288135594,0.125,0.11475409836065574,0.04477611940298507,0.057971014492753624,0.016666666666666666,0.13636363636363635,0.046875,0.17142857142857143,0.140625,0.5384615384615384,0.13432835820895522,0.015625,0.015625,0.13043478260869565,0.10144927536231885,0.18309859154929578,0.8405797101449275,0.1774193548387097,0.2,0.17142857142857143,0.4,0.21212121212121213,0.2602739726027397,0.8333333333333334,0.1323529411764706,0.015873015873015872,0.11666666666666667,0.21875,0.1774193548387097,0.015151515151515152,0.09375,0.03076923076923077,0.1016949152542373,0.15151515151515152,0.09090909090909091,0.7580645161290323,0.08823529411764706,0.030303030303030304,0.11594202898550725,0.11864406779661017,0.0625,0.0,0.04411764705882353,0.08064516129032258,0.0821917808219178,0.7230769230769231,0.203125,0.07692307692307693,0.028985507246376812,0.864406779661017,0.8611111111111112,0.013888888888888888,0.27692307692307694,0.14285714285714285,0.8461538461538461,0.18571428571428572,0.015384615384615385,0.23529411764705882,0.13636363636363635,0.014084507042253521,0.03076923076923077,0.10606060606060606
TCGA-12-0619,0.65625,0.109375,0.7611940298507462,0.7580645161290323,0.7377049180327869,0.7272727272727273,0.7213114754098361,0.11290322580645161,0.6875,0.6885245901639344,0.0,0.7333333333333333,0.484375,0.7796610169491526,0.7068965517241379,0.3787878787878788,0.09523809523809523,0.2,0.7241379310344828,0.6825396825396826,0.05263157894736842,0.8524590163934426,0.6666666666666666,0.26229508196721313,0.6507936507936508,0.05,0.18333333333333332,0.1111111111111111,0.2962962962962963,0.06451612903225806,0.6774193548387096,0.6964285714285714,0.5873015873015873,0.08928571428571429,0.7586206896551724,0.6129032258064516,0.057971014492753624,0.1206896551724138,0.11594202898550725,0.13846153846153847,0.29310344827586204,0.06557377049180328,0.5161290322580645,0.8333333333333334,0.676056338028169,0.7457627118644068,0.3870967741935484,0.43283582089552236,0.6507936507936508,0.2631578947368421,0.08064516129032258,0.2631578947368421,0.03225806451612903,0.7142857142857143,0.7424242424242424,0.6461538461538462,0.765625,0.5862068965517241,0.7368421052631579,0.6842105263157895,0.25862068965517243,0.1694915254237288,1.0,0.6865671641791045,0.03333333333333333,0.6229508196721312,0.796875,0.2153846153846154,0.08771929824561403,0.7142857142857143,0.7368421052631579,0.6666666666666666,0.43333333333333335,0.24615384615384617,0.08064516129032258,0.7377049180327869,0.15151515151515152,0.0625,0.13559322033898305,0.6491228070175439,0.12307692307692308,0.6779661016949152,0.7,0.1076923076923077,0.07142857142857142,0.4666666666666667,0.6896551724137931,0.7857142857142857,0.765625,0.6833333333333333,0.48333333333333334,0.746031746031746,0.1206896551724138,0.7272727272727273,0.26666666666666666,0.7076923076923077,0.7288135593220338,0.03225806451612903,0.5081967213114754,0.2786885245901639,0.12698412698412698,0.7049180327868853,0.6825396825396826,0.6451612903225806,0.22058823529411764,0.4642857142857143,0.5161290322580645,0.6984126984126984,0.014925373134328358,0.6507936507936508,0.6515151515151515,0.1935483870967742,0.7868852459016393,0.11864406779661017,0.75,0.734375,0.7457627118644068,0.11864406779661017,0.4,0.1,0.7142857142857143,0.6896551724137931,0.07936507936507936,0.07017543859649122,0.6031746031746031,0.13636363636363635,0.625,0.711864406779661,0.26229508196721313,0.07017543859649122,0.06060606060606061,0.6842105263157895,0.49230769230769234,0.03125,0.6166666666666667,0.6428571428571429,0.078125,0.23636363636363636,0.06557377049180328,0.03225806451612903,0.6615384615384615,0.36923076923076925,0.14035087719298245,0.4307692307692308,0.171875,0.6666666666666666,0.7288135593220338,0.3387096774193548,0.1044776119402985,0.7096774193548387
TCGA-12-0821,0.8732394366197183,0.06944444444444445,0.782051282051282,0.7222222222222222,0.7761194029850746,0.8933333333333333,0.7631578947368421,0.10144927536231885,0.8783783783783784,0.7972972972972973,0.029850746268656716,0.8285714285714286,0.4805194805194805,0.8656716417910447,0.7014925373134329,0.4583333333333333,0.08450704225352113,0.2028985507246377,0.8088235294117647,0.8428571428571429,0.029411764705882353,0.8333333333333334,0.8732394366197183,0.3424657534246575,0.9285714285714286,0.19402985074626866,0.10294117647058823,0.12857142857142856,0.4444444444444444,0.16901408450704225,0.6571428571428571,0.8,0.7972972972972973,0.11475409836065574,0.859375,0.7945205479452054,0.06666666666666667,0.11764705882352941,0.14102564102564102,0.21621621621621623,0.24242424242424243,0.16666666666666666,0.5211267605633803,0.7692307692307693,0.7142857142857143,0.7910447761194029,0.28169014084507044,0.43243243243243246,0.7432432432432432,0.2222222222222222,0.19718309859154928,0.30434782608695654,0.02702702702702703,0.8,0.7534246575342466,0.6956521739130435,0.875,0.5428571428571428,0.8888888888888888,0.828125,0.3235294117647059,0.09859154929577464,0.6865671641791045,1.0,0.028169014084507043,0.8450704225352113,0.8472222222222222,0.32894736842105265,0.19718309859154928,0.8591549295774648,0.6307692307692307,0.8142857142857143,0.5857142857142857,0.3037974683544304,0.12857142857142856,0.8108108108108109,0.06578947368421052,0.15714285714285714,0.0967741935483871,0.8461538461538461,0.14864864864864866,0.6338028169014085,0.7611940298507462,0.136986301369863,0.15,0.5694444444444444,0.8507462686567164,0.7833333333333333,0.8676470588235294,0.7014925373134329,0.625,0.855072463768116,0.1111111111111111,0.7837837837837838,0.35294117647058826,0.7361111111111112,0.8955223880597015,0.04285714285714286,0.410958904109589,0.2571428571428571,0.14925373134328357,0.8472222222222222,0.9027777777777778,0.7916666666666666,0.2597402597402597,0.48484848484848486,0.40298507462686567,0.7066666666666667,0.06756756756756757,0.6714285714285714,0.6753246753246753,0.2571428571428571,0.8382352941176471,0.11764705882352941,0.8225806451612904,0.7222222222222222,0.696969696969697,0.20588235294117646,0.5142857142857142,0.15942028985507245,0.8955223880597015,0.8591549295774648,0.07042253521126761,0.14705882352941177,0.6081081081081081,0.06666666666666667,0.8904109589041096,0.8571428571428571,0.2328767123287671,0.13636363636363635,0.1095890410958904,0.8333333333333334,0.5675675675675675,0.04225352112676056,0.6825396825396826,0.8153846153846154,0.10666666666666667,0.234375,0.09722222222222222,0.02702702702702703,0.6571428571428571,0.37333333333333335,0.19117647058823528,0.4189189189189189,0.136986301369863,0.6944444444444444,0.8591549295774648,0.2602739726027397,0.14492753623188406,0.9014084507042254
TCGA-12-1597,0.015384615384615385,0.5362318840579711,0.0,0.04477611940298507,0.015873015873015872,0.02857142857142857,0.0,0.5076923076923077,0.014492753623188406,0.0,0.5409836065573771,0.029850746268656716,0.0,0.03225806451612903,0.0,0.0,0.5588235294117647,0.40625,0.030303030303030304,0.015151515151515152,0.1875,0.015151515151515152,0.031746031746031744,0.0,0.0,0.6031746031746031,0.5076923076923077,0.6615384615384615,0.3559322033898305,0.5671641791044776,0.028985507246376812,0.016666666666666666,0.014084507042253521,0.5344827586206896,0.04918032786885246,0.0,0.2328767123287671,0.3181818181818182,0.5833333333333334,0.5151515151515151,0.0,0.578125,0.16417910447761194,0.01639344262295082,0.0,0.0,0.0,0.0,0.0,0.0,0.5384615384615384,0.0,0.4090909090909091,0.0,0.0,0.03076923076923077,0.03076923076923077,0.171875,0.0,0.0,0.4426229508196721,0.4090909090909091,0.03333333333333333,0.028169014084507043,1.0,0.015151515151515152,0.014925373134328358,0.0,0.6031746031746031,0.015151515151515152,0.0,0.015151515151515152,0.014705882352941176,0.2777777777777778,0.4153846153846154,0.0,0.323943661971831,0.5606060606060606,0.559322033898305,0.016666666666666666,0.5671641791044776,0.03076923076923077,0.0,0.6338028169014085,0.4594594594594595,0.23076923076923078,0.014925373134328358,0.03571428571428571,0.046153846153846156,0.0,0.058823529411764705,0.0,0.5932203389830508,0.0,0.3939393939393939,0.0,0.015625,0.28125,0.0,0.453125,0.5555555555555556,0.029411764705882353,0.014084507042253521,0.0,0.44776119402985076,0.0,0.0,0.0,0.7058823529411765,0.0,0.0,0.453125,0.046875,0.5454545454545454,0.01639344262295082,0.0,0.034482758620689655,0.4375,0.015625,0.6153846153846154,0.047619047619047616,0.03125,0.6470588235294118,0.559322033898305,0.014285714285714285,0.5,0.014705882352941176,0.01694915254237288,0.2714285714285714,0.5625,0.3283582089552239,0.016129032258064516,0.10144927536231885,0.7538461538461538,0.06557377049180328,0.0,0.5652173913043478,0.3728813559322034,0.5223880597014925,0.3188405797101449,0.0,0.27941176470588236,0.46875,0.0,0.6153846153846154,0.03076923076923077,0.015625,0.0,0.5645161290322581,0.015151515151515152
TCGA-12-3650,0.9850746268656716,0.05714285714285714,0.72,0.703125,0.8461538461538461,0.9166666666666666,0.7058823529411765,0.0625,1.0,0.8382352941176471,0.01639344262295082,0.8636363636363636,0.4714285714285714,0.9016393442622951,0.609375,0.4696969696969697,0.05970149253731343,0.18181818181818182,0.8208955223880597,0.9696969696969697,0.04838709677419355,0.7424242424242424,0.9375,0.3787878787878788,0.953125,0.21212121212121213,0.0625,0.10606060606060606,0.49122807017543857,0.2,0.6716417910447762,0.8305084745762712,0.9253731343283582,0.14035087719298245,0.8870967741935484,0.7681159420289855,0.08571428571428572,0.109375,0.125,0.3333333333333333,0.25,0.1774193548387097,0.5303030303030303,0.7096774193548387,0.6901408450704225,0.696969696969697,0.3181818181818182,0.4852941176470588,0.6417910447761194,0.2413793103448276,0.2537313432835821,0.3492063492063492,0.07462686567164178,0.7323943661971831,0.7101449275362319,0.7424242424242424,0.8823529411764706,0.5238095238095238,1.0,0.9830508474576272,0.2786885245901639,0.07575757575757576,0.6229508196721312,0.8450704225352113,0.015151515151515152,1.0,0.90625,0.3333333333333333,0.2153846153846154,0.9701492537313433,0.6101694915254238,0.9076923076923077,0.6716417910447762,0.2876712328767123,0.1323529411764706,0.7272727272727273,0.04411764705882353,0.203125,0.0847457627118644,0.9821428571428571,0.13636363636363635,0.6615384615384615,0.6229508196721312,0.14285714285714285,0.1095890410958904,0.5151515151515151,0.9538461538461539,0.8166666666666667,0.8412698412698413,0.5873015873015873,0.7230769230769231,0.84375,0.14754098360655737,0.7391304347826086,0.4032258064516129,0.6567164179104478,0.967741935483871,0.04838709677419355,0.391304347826087,0.3230769230769231,0.09090909090909091,0.8955223880597015,0.9411764705882353,0.7428571428571429,0.21739130434782608,0.4461538461538462,0.36065573770491804,0.6956521739130435,0.07246376811594203,0.6111111111111112,0.6428571428571429,0.208955223880597,0.8529411764705882,0.07692307692307693,0.9137931034482759,0.6,0.6610169491525424,0.15625,0.6268656716417911,0.14925373134328357,0.9166666666666666,0.9411764705882353,0.058823529411764705,0.08333333333333333,0.5652173913043478,0.028985507246376812,0.9104477611940298,0.9482758620689655,0.17647058823529413,0.16129032258064516,0.08823529411764706,0.96875,0.49295774647887325,0.016129032258064516,0.6349206349206349,0.9180327868852459,0.10144927536231885,0.20634920634920634,0.06060606060606061,0.04225352112676056,0.5588235294117647,0.391304347826087,0.14285714285714285,0.3939393939393939,0.125,0.7384615384615385,0.9682539682539683,0.2857142857142857,0.13846153846153847,0.9696969696969697
TCGA-12-3652,0.9104477611940298,0.06060606060606061,0.6805555555555556,0.7076923076923077,0.859375,0.9710144927536232,0.6,0.07462686567164178,0.9285714285714286,0.7692307692307693,0.03225806451612903,0.96875,0.4084507042253521,0.9838709677419355,0.5606060606060606,0.46875,0.057971014492753624,0.18181818181818182,0.9538461538461539,0.8888888888888888,0.04838709677419355,0.8636363636363636,0.8787878787878788,0.3283582089552239,0.9117647058823529,0.15625,0.09375,0.07692307692307693,0.4166666666666667,0.15625,0.7941176470588235,0.9344262295081968,0.8208955223880597,0.14545454545454545,1.0,0.75,0.08450704225352113,0.09523809523809523,0.19444444444444445,0.2647058823529412,0.3114754098360656,0.16666666666666666,0.6307692307692307,0.819672131147541,0.6301369863013698,0.6031746031746031,0.3382352941176471,0.4507042253521127,0.7246376811594203,0.21052631578947367,0.1791044776119403,0.296875,0.030303030303030304,0.6911764705882353,0.6666666666666666,0.8333333333333334,0.9850746268656716,0.421875,0.9365079365079365,0.8666666666666667,0.3770491803278688,0.14925373134328357,0.796875,0.8472222222222222,0.014925373134328358,0.90625,1.0,0.3235294117647059,0.18032786885245902,0.9538461538461539,0.6774193548387096,0.9393939393939394,0.6615384615384615,0.34285714285714286,0.078125,0.6923076923076923,0.08450704225352113,0.13846153846153847,0.08196721311475409,0.9152542372881356,0.2318840579710145,0.7424242424242424,0.6557377049180327,0.16901408450704225,0.07894736842105263,0.4603174603174603,0.953125,0.9824561403508771,0.984375,0.6229508196721312,0.6363636363636364,0.8181818181818182,0.11666666666666667,0.6567164179104478,0.3709677419354839,0.5735294117647058,0.9242424242424242,0.057971014492753624,0.38235294117647056,0.36065573770491804,0.1076923076923077,0.9855072463768116,0.8714285714285714,0.8260869565217391,0.2714285714285714,0.5,0.3225806451612903,0.5882352941176471,0.057971014492753624,0.6212121212121212,0.6714285714285714,0.27692307692307694,1.0,0.08196721311475409,0.95,0.5846153846153846,0.7833333333333333,0.171875,0.5230769230769231,0.2153846153846154,0.9516129032258065,0.9692307692307692,0.10606060606060606,0.12903225806451613,0.5362318840579711,0.07352941176470588,0.8985507246376812,0.9152542372881356,0.18571428571428572,0.1111111111111111,0.11428571428571428,0.8275862068965517,0.38235294117647056,0.02857142857142857,0.6666666666666666,0.8769230769230769,0.16176470588235295,0.25,0.10144927536231885,0.014705882352941176,0.5714285714285714,0.36231884057971014,0.2222222222222222,0.30434782608695654,0.2153846153846154,0.8888888888888888,0.9545454545454546,0.22857142857142856,0.21875,0.9393939393939394
TCGA-12-3653,0.30434782608695654,0.014084507042253521,0.24358974358974358,0.23529411764705882,0.30434782608695654,0.24324324324324326,0.2676056338028169,0.014705882352941176,0.2702702702702703,0.28169014084507044,0.15384615384615385,0.3333333333333333,0.4931506849315068,0.2537313432835821,0.24615384615384617,0.463768115942029,0.014705882352941176,0.045454545454545456,0.28169014084507044,0.323943661971831,0.3582089552238806,0.2571428571428571,0.24242424242424243,0.5970149253731343,0.35384615384615387,0.028985507246376812,0.0,0.028985507246376812,0.11475409836065574,0.02857142857142857,0.18840579710144928,0.24193548387096775,0.30434782608695654,0.016129032258064516,0.35384615384615387,0.30985915492957744,0.2602739726027397,0.18181818181818182,0.013333333333333334,0.0958904109589041,0.5846153846153846,0.046153846153846156,0.14285714285714285,0.26153846153846155,0.2727272727272727,0.26153846153846155,0.5942028985507246,0.44594594594594594,0.2112676056338028,0.625,0.028169014084507043,0.5522388059701493,0.30434782608695654,0.273972602739726,0.2465753424657534,0.3088235294117647,0.30985915492957744,0.21739130434782608,0.25806451612903225,0.28125,0.10606060606060606,0.0,0.2153846153846154,0.32894736842105265,0.0,0.3333333333333333,0.3235294117647059,1.0,0.015151515151515152,0.3283582089552239,0.21875,0.3,0.49295774647887325,0.06756756756756757,0.04285714285714286,0.3188405797101449,0.2702702702702703,0.043478260869565216,0.046875,0.3548387096774194,0.029411764705882353,0.25,0.26153846153846155,0.0,0.16883116883116883,0.18840579710144928,0.2727272727272727,0.29508196721311475,0.30434782608695654,0.18461538461538463,0.1527777777777778,0.27941176470588236,0.046875,0.2361111111111111,0.08695652173913043,0.25,0.265625,0.3181818181818182,0.42857142857142855,0.11764705882352941,0.014705882352941176,0.28169014084507044,0.3,0.22535211267605634,0.0684931506849315,0.47692307692307695,0.417910447761194,0.2602739726027397,0.028169014084507043,0.22535211267605634,0.1891891891891892,0.06060606060606061,0.22727272727272727,0.0,0.4032258064516129,0.14285714285714285,0.25396825396825395,0.057971014492753624,0.4626865671641791,0.04411764705882353,0.3125,0.3142857142857143,0.057971014492753624,0.06349206349206349,0.22972972972972974,0.014084507042253521,0.3150684931506849,0.21311475409836064,0.2638888888888889,0.06060606060606061,0.3,0.30303030303030304,0.25675675675675674,0.0,0.23076923076923078,0.3125,0.02666666666666667,0.06153846153846154,0.04225352112676056,0.3918918918918919,0.21739130434782608,0.0821917808219178,0.07575757575757576,0.38028169014084506,0.028985507246376812,0.2602739726027397,0.3181818181818182,0.5428571428571428,0.027777777777777776,0.2898550724637681
TCGA-12-5295,0.19672131147540983,0.84375,0.1,0.16129032258064516,0.1896551724137931,0.2537313432835821,0.10606060606060606,0.8166666666666667,0.22727272727272727,0.15151515151515152,0.5344827586206896,0.1864406779661017,0.03076923076923077,0.20967741935483872,0.11290322580645161,0.046875,0.8125,0.016129032258064516,0.2033898305084746,0.22580645161290322,0.0,0.1111111111111111,0.2459016393442623,0.06349206349206349,0.2033898305084746,0.9491525423728814,0.7758620689655172,0.875,0.6842105263157895,0.9516129032258065,0.15625,0.24561403508771928,0.23076923076923078,0.8909090909090909,0.17857142857142858,0.125,0.0,0.016666666666666666,0.9285714285714286,0.8571428571428571,0.0,0.9508196721311475,0.3548387096774194,0.15517241379310345,0.09230769230769231,0.1206896551724138,0.0,0.07575757575757576,0.109375,0.03773584905660377,0.9838709677419355,0.05,0.5873015873015873,0.13636363636363635,0.1111111111111111,0.1774193548387097,0.19402985074626866,0.3275862068965517,0.25,0.24561403508771928,0.7457627118644068,0.015151515151515152,0.08771929824561403,0.19718309859154928,0.6031746031746031,0.2153846153846154,0.18032786885245902,0.015151515151515152,1.0,0.20967741935483872,0.07142857142857142,0.21311475409836064,0.12698412698412698,0.058823529411764705,0.7049180327868853,0.09375,0.4307692307692308,0.8769230769230769,0.8596491228070176,0.19642857142857142,0.921875,0.11864406779661017,0.11666666666666667,0.9710144927536232,0.7142857142857143,0.4,0.18032786885245902,0.21428571428571427,0.2,0.05172413793103448,0.234375,0.18333333333333332,0.9230769230769231,0.12307692307692308,0.6885245901639344,0.1076923076923077,0.23333333333333334,0.0,0.07692307692307693,0.7619047619047619,0.8548387096774194,0.20634920634920634,0.25757575757575757,0.16923076923076924,0.04411764705882353,0.08333333333333333,0.0,0.10144927536231885,0.6363636363636364,0.07936507936507936,0.1267605633802817,0.03125,0.18333333333333332,0.859375,0.1509433962264151,0.11290322580645161,0.11666666666666667,0.7384615384615385,0.0967741935483871,0.9230769230769231,0.23636363636363636,0.2,0.7903225806451613,0.14285714285714285,0.08823529411764706,0.7272727272727273,0.24615384615384617,0.288135593220339,0.4444444444444444,0.8947368421052632,0.53125,0.19672131147540983,0.23880597014925373,0.3389830508474576,0.21052631578947367,0.24193548387096775,0.8823529411764706,0.03333333333333333,0.10606060606060606,0.4696969696969697,0.06451612903225806,0.5223880597014925,0.034482758620689655,0.03076923076923077,0.890625,0.18461538461538463,0.22950819672131148,0.04477611940298507,0.9032258064516129,0.22580645161290322
TCGA-12-5299,0.9365079365079365,0.0625,0.6527777777777778,0.6417910447761194,0.8939393939393939,0.9545454545454546,0.6212121212121212,0.06451612903225806,0.9701492537313433,0.7846153846153846,0.016666666666666666,0.9322033898305084,0.4492753623188406,0.953125,0.5573770491803278,0.4857142857142857,0.045454545454545456,0.18032786885245902,0.9375,0.9516129032258065,0.05,0.8307692307692308,0.9365079365079365,0.35384615384615387,0.9516129032258065,0.20634920634920634,0.06451612903225806,0.09230769230769231,0.4827586206896552,0.2,0.6865671641791045,0.9322033898305084,0.9090909090909091,0.16071428571428573,0.9322033898305084,0.7352941176470589,0.08695652173913043,0.12903225806451613,0.14084507042253522,0.3230769230769231,0.29508196721311475,0.1864406779661017,0.578125,0.8,0.6231884057971014,0.640625,0.3076923076923077,0.45588235294117646,0.71875,0.21428571428571427,0.24615384615384617,0.3333333333333333,0.046153846153846156,0.6811594202898551,0.6615384615384615,0.8125,0.9384615384615385,0.46774193548387094,0.967741935483871,0.9491525423728814,0.3508771929824561,0.0967741935483871,0.7142857142857143,0.8591549295774648,0.015151515151515152,0.9701492537313433,0.9538461538461539,0.3283582089552239,0.20967741935483872,1.0,0.6612903225806451,0.9375,0.6911764705882353,0.3088235294117647,0.12307692307692308,0.6666666666666666,0.029411764705882353,0.2,0.08771929824561403,0.9333333333333333,0.15151515151515152,0.671875,0.6333333333333333,0.14285714285714285,0.08333333333333333,0.47692307692307695,0.9538461538461539,0.9298245614035088,0.9354838709677419,0.5806451612903226,0.703125,0.8153846153846154,0.14754098360655737,0.6811594202898551,0.36065573770491804,0.5757575757575758,1.0,0.06153846153846154,0.36923076923076925,0.34375,0.11290322580645161,0.96875,0.9545454545454546,0.796875,0.26865671641791045,0.4915254237288136,0.32786885245901637,0.6176470588235294,0.04477611940298507,0.6307692307692307,0.676056338028169,0.22580645161290322,0.953125,0.07692307692307693,0.9649122807017544,0.5555555555555556,0.7368421052631579,0.18461538461538463,0.5873015873015873,0.16393442622950818,0.9516129032258065,0.9841269841269841,0.06060606060606061,0.11864406779661017,0.5147058823529411,0.04285714285714286,0.9393939393939394,1.0,0.14705882352941177,0.15,0.09090909090909091,0.95,0.43478260869565216,0.015873015873015872,0.6666666666666666,0.9152542372881356,0.10606060606060606,0.2711864406779661,0.09523809523809523,0.04477611940298507,0.5538461538461539,0.40298507462686567,0.2,0.35294117647058826,0.15625,0.8125,1.0,0.25,0.14285714285714285,0.984375
TCGA-14-0781,0.6491228070175439,0.1746031746031746,0.6923076923076923,0.7241379310344828,0.6557377049180327,0.640625,0.6271186440677966,0.15517241379310345,0.6451612903225806,0.6440677966101694,0.0,0.5892857142857143,0.6610169491525424,0.625,0.6842105263157895,0.6166666666666667,0.14516129032258066,0.1896551724137931,0.6551724137931034,0.6065573770491803,0.03571428571428571,0.7068965517241379,0.6206896551724138,0.25,0.5862068965517241,0.06896551724137931,0.22807017543859648,0.09836065573770492,0.2830188679245283,0.06779661016949153,0.5483870967741935,0.6909090909090909,0.5967741935483871,0.1724137931034483,0.5818181818181818,0.6129032258064516,0.03125,0.22807017543859648,0.046153846153846156,0.11475409836065574,0.21428571428571427,0.05084745762711865,0.6666666666666666,0.625,0.6507936507936508,0.6491228070175439,0.31666666666666665,0.47619047619047616,0.8983050847457628,0.2777777777777778,0.08333333333333333,0.2631578947368421,0.047619047619047616,0.5873015873015873,0.6935483870967742,0.6557377049180327,0.6271186440677966,0.44642857142857145,0.6792452830188679,0.6071428571428571,0.2,0.29310344827586204,0.7368421052631579,0.6307692307692307,0.0,0.6101694915254238,0.6774193548387096,0.21875,0.07142857142857142,0.6612903225806451,1.0,0.6724137931034483,0.4745762711864407,0.24193548387096775,0.1,0.5964912280701754,0.21212121212121213,0.07017543859649122,0.13725490196078433,0.5818181818181818,0.06557377049180328,0.5172413793103449,0.8035714285714286,0.08064516129032258,0.07692307692307693,0.38596491228070173,0.6440677966101694,0.6346153846153846,0.6206896551724138,0.6428571428571429,0.47619047619047616,0.6271186440677966,0.05357142857142857,0.6031746031746031,0.3,0.6612903225806451,0.6909090909090909,0.03278688524590164,0.48333333333333334,0.1896551724137931,0.19642857142857142,0.6349206349206349,0.6190476190476191,0.8166666666666667,0.18032786885245902,0.5454545454545454,0.5833333333333334,0.6031746031746031,0.031746031746031744,0.9322033898305084,0.8769230769230769,0.15789473684210525,0.6610169491525424,0.1724137931034483,0.6666666666666666,0.7333333333333333,0.6792452830188679,0.15517241379310345,0.543859649122807,0.03571428571428571,0.625,0.6440677966101694,0.05,0.07017543859649122,0.4918032786885246,0.1935483870967742,0.6229508196721312,0.6415094339622641,0.25,0.08928571428571429,0.0625,0.6206896551724138,0.42857142857142855,0.0,0.8679245283018868,0.6491228070175439,0.15151515151515152,0.24074074074074073,0.19672131147540983,0.047619047619047616,0.8524590163934426,0.5161290322580645,0.12280701754385964,0.6507936507936508,0.0847457627118644,0.7719298245614035,0.6491228070175439,0.22950819672131148,0.06779661016949153,0.6666666666666666
TCGA-14-0787,0.9253731343283582,0.07575757575757576,0.6216216216216216,0.7384615384615385,0.8307692307692308,0.9436619718309859,0.5692307692307692,0.07692307692307693,0.9130434782608695,0.746268656716418,0.03225806451612903,0.9117647058823529,0.4305555555555556,0.9365079365079365,0.5454545454545454,0.49230769230769234,0.06060606060606061,0.14925373134328357,0.9076923076923077,0.8769230769230769,0.03076923076923077,0.803030303030303,0.890625,0.3125,0.9047619047619048,0.18461538461538463,0.1076923076923077,0.06153846153846154,0.47692307692307695,0.16666666666666666,0.746268656716418,0.9047619047619048,0.8840579710144928,0.1935483870967742,0.9193548387096774,0.6764705882352942,0.056338028169014086,0.1111111111111111,0.16901408450704225,0.27941176470588236,0.29508196721311475,0.15151515151515152,0.6029411764705882,0.75,0.5866666666666667,0.55,0.26865671641791045,0.4264705882352941,0.7761194029850746,0.21052631578947367,0.22727272727272727,0.3125,0.07462686567164178,0.6417910447761194,0.6086956521739131,0.7538461538461538,0.890625,0.3787878787878788,0.9508196721311475,0.9047619047619048,0.31666666666666665,0.10606060606060606,0.6666666666666666,0.8142857142857143,0.015151515151515152,0.9076923076923077,0.9393939393939394,0.3,0.21311475409836064,0.9375,0.6724137931034483,1.0,0.6666666666666666,0.32857142857142857,0.1044776119402985,0.6515151515151515,0.057971014492753624,0.18181818181818182,0.04838709677419355,0.9166666666666666,0.2028985507246377,0.7313432835820896,0.6031746031746031,0.19117647058823528,0.1038961038961039,0.3787878787878788,0.953125,0.9016393442622951,0.8970588235294118,0.6129032258064516,0.7058823529411765,0.782608695652174,0.11666666666666667,0.6323529411764706,0.3968253968253968,0.5714285714285714,0.9491525423728814,0.046153846153846156,0.3380281690140845,0.34375,0.09375,0.9117647058823529,0.8787878787878788,0.7941176470588235,0.22058823529411764,0.48333333333333334,0.30158730158730157,0.5428571428571428,0.08955223880597014,0.6515151515151515,0.684931506849315,0.1935483870967742,0.9090909090909091,0.08064516129032258,0.9107142857142857,0.5714285714285714,0.7377049180327869,0.18181818181818182,0.5606060606060606,0.19047619047619047,0.9344262295081968,0.9523809523809523,0.08571428571428572,0.09523809523809523,0.5373134328358209,0.10606060606060606,0.9420289855072463,0.9,0.18181818181818182,0.1016949152542373,0.07462686567164178,0.8833333333333333,0.37681159420289856,0.03076923076923077,0.703125,0.9365079365079365,0.15492957746478872,0.18333333333333332,0.09090909090909091,0.029411764705882353,0.5692307692307692,0.47058823529411764,0.1875,0.39436619718309857,0.15873015873015872,0.8507462686567164,0.9344262295081968,0.2318840579710145,0.2222222222222222,0.9230769230769231
TCGA-14-0789,0.6666666666666666,0.04411764705882353,0.3918918918918919,0.4375,0.6,0.6521739130434783,0.3880597014925373,0.04411764705882353,0.6666666666666666,0.5,0.031746031746031744,0.6557377049180327,0.7887323943661971,0.6818181818181818,0.3492063492063492,0.8181818181818182,0.06060606060606061,0.09523809523809523,0.7121212121212122,0.640625,0.016129032258064516,0.5606060606060606,0.6515151515151515,0.171875,0.6666666666666666,0.15873015873015872,0.031746031746031744,0.047619047619047616,0.3442622950819672,0.13043478260869565,0.5074626865671642,0.6610169491525424,0.625,0.11864406779661017,0.7142857142857143,0.5070422535211268,0.04225352112676056,0.3492063492063492,0.11428571428571428,0.22857142857142856,0.19672131147540983,0.12903225806451613,0.5151515151515151,0.5166666666666667,0.4027777777777778,0.359375,0.14285714285714285,0.7887323943661971,0.5294117647058824,0.10526315789473684,0.14925373134328357,0.1746031746031746,0.03076923076923077,0.37681159420289856,0.36231884057971014,0.6923076923076923,0.6376811594202898,0.3225806451612903,0.6451612903225806,0.6,0.26666666666666666,0.09523809523809523,0.43333333333333335,0.5857142857142857,0.014705882352941176,0.6716417910447762,0.6615384615384615,0.49295774647887325,0.12698412698412698,0.6911764705882353,0.4745762711864407,0.6666666666666666,1.0,0.20833333333333334,0.046153846153846156,0.3939393939393939,0.30434782608695654,0.07692307692307693,0.03125,0.6935483870967742,0.13432835820895522,0.47058823529411764,0.3770491803278688,0.1,0.20270270270270271,0.2318840579710145,0.6515151515151515,0.7,0.640625,0.3492063492063492,0.45714285714285713,0.5294117647058824,0.1016949152542373,0.4057971014492754,0.22580645161290322,0.36363636363636365,0.65625,0.031746031746031744,0.18840579710144928,0.25806451612903225,0.014925373134328358,0.7101449275362319,0.6666666666666666,0.582089552238806,0.19117647058823528,0.8615384615384616,0.609375,0.36764705882352944,0.058823529411764705,0.5,0.5416666666666666,0.15873015873015872,0.6612903225806451,0.03125,0.7543859649122807,0.26865671641791045,0.6206896551724138,0.058823529411764705,0.8461538461538461,0.13432835820895522,0.6333333333333333,0.7258064516129032,0.13636363636363635,0.13333333333333333,0.23880597014925373,0.015151515151515152,0.6470588235294118,0.6129032258064516,0.39705882352941174,0.109375,0.07462686567164178,0.6031746031746031,0.3055555555555556,0.03225806451612903,0.4666666666666667,0.6153846153846154,0.11428571428571428,0.21666666666666667,0.05970149253731343,0.014705882352941176,0.4117647058823529,0.34285714285714286,0.20967741935483872,0.6268656716417911,0.12307692307692308,0.6212121212121212,0.703125,0.07246376811594203,0.171875,0.6307692307692307
TCGA-14-0790,0.2916666666666667,0.0136986301369863,0.25316455696202533,0.28169014084507044,0.3333333333333333,0.3717948717948718,0.16901408450704225,0.0,0.32432432432432434,0.2916666666666667,0.2153846153846154,0.34782608695652173,0.13157894736842105,0.3484848484848485,0.1791044776119403,0.14084507042253522,0.0,0.5507246376811594,0.32857142857142857,0.2857142857142857,0.27941176470588236,0.323943661971831,0.2857142857142857,0.07042253521126761,0.30303030303030304,0.043478260869565216,0.015151515151515152,0.014492753623188406,0.14285714285714285,0.028985507246376812,0.45588235294117646,0.3548387096774194,0.3150684931506849,0.04918032786885246,0.3230769230769231,0.2465753424657534,0.35526315789473684,0.417910447761194,0.06493506493506493,0.041666666666666664,0.09230769230769231,0.03076923076923077,0.2112676056338028,0.30303030303030304,0.26666666666666666,0.21875,0.1095890410958904,0.136986301369863,0.2465753424657534,0.04918032786885246,0.02857142857142857,0.05970149253731343,0.014084507042253521,0.2638888888888889,0.25675675675675674,0.36764705882352944,0.38028169014084506,0.1323529411764706,0.3225806451612903,0.3492063492063492,0.13636363636363635,0.5362318840579711,0.24615384615384617,0.3037974683544304,0.2777777777777778,0.2876712328767123,0.34285714285714286,0.06756756756756757,0.058823529411764705,0.3088235294117647,0.24193548387096775,0.32857142857142857,0.20833333333333334,1.0,0.17142857142857143,0.2638888888888889,0.0136986301369863,0.06944444444444445,0.015625,0.3225806451612903,0.07042253521126761,0.5,0.15625,0.05405405405405406,0.02531645569620253,0.15714285714285714,0.39705882352941174,0.3559322033898305,0.3283582089552239,0.4411764705882353,0.44285714285714284,0.2753623188405797,0.03076923076923077,0.2638888888888889,0.07246376811594203,0.18571428571428572,0.30434782608695654,0.36764705882352944,0.1388888888888889,0.14492753623188406,0.014705882352941176,0.3150684931506849,0.30434782608695654,0.2535211267605634,0.6164383561643836,0.11764705882352941,0.07246376811594203,0.2328767123287671,0.323943661971831,0.19444444444444445,0.25675675675675674,0.6666666666666666,0.36764705882352944,0.014492753623188406,0.3442622950819672,0.19117647058823528,0.3064516129032258,0.23529411764705882,0.1232876712328767,0.07142857142857142,0.31343283582089554,0.3,0.08333333333333333,0.546875,0.4722222222222222,0.11267605633802817,0.273972602739726,0.3333333333333333,0.0958904109589041,0.0,0.041666666666666664,0.2923076923076923,0.18666666666666668,0.4852941176470588,0.203125,0.3484848484848485,0.0410958904109589,0.5970149253731343,0.5492957746478874,0.0,0.2054794520547945,0.10666666666666667,0.5846153846153846,0.09722222222222222,0.07246376811594203,0.2857142857142857,0.26865671641791045,0.08333333333333333,0.07246376811594203,0.32857142857142857
TCGA-14-0817,0.07352941176470588,0.7272727272727273,0.14864864864864866,0.15873015873015872,0.15625,0.08695652173913043,0.16666666666666666,0.8125,0.11940298507462686,0.15384615384615385,0.39344262295081966,0.0967741935483871,0.014705882352941176,0.08064516129032258,0.10344827586206896,0.03125,0.75,0.01639344262295082,0.078125,0.15384615384615385,0.0,0.09836065573770492,0.14516129032258066,0.031746031746031744,0.1206896551724138,0.7424242424242424,0.7213114754098361,0.8153846153846154,0.559322033898305,0.7580645161290323,0.1746031746031746,0.11864406779661017,0.16417910447761194,0.6935483870967742,0.05084745762711865,0.19402985074626866,0.0,0.0,0.7246376811594203,0.6911764705882353,0.016666666666666666,0.7586206896551724,0.171875,0.15517241379310345,0.16,0.13333333333333333,0.03125,0.1044776119402985,0.045454545454545456,0.017543859649122806,0.7384615384615385,0.031746031746031744,0.4461538461538462,0.18181818181818182,0.16176470588235295,0.109375,0.109375,0.3076923076923077,0.11290322580645161,0.13793103448275862,0.5964912280701754,0.015384615384615385,0.08064516129032258,0.12857142857142856,0.4153846153846154,0.1323529411764706,0.078125,0.04285714285714286,0.7049180327868853,0.12307692307692308,0.1,0.1044776119402985,0.046153846153846156,0.17142857142857143,1.0,0.12121212121212122,0.43478260869565216,0.746031746031746,0.7627118644067796,0.14285714285714285,0.7164179104477612,0.2698412698412698,0.16129032258064516,0.726027397260274,0.6056338028169014,0.46875,0.08333333333333333,0.09090909090909091,0.0967741935483871,0.1875,0.4153846153846154,0.1111111111111111,0.75,0.12121212121212122,0.532258064516129,0.13636363636363635,0.11475409836065574,0.015873015873015872,0.12121212121212122,0.5625,0.7796610169491526,0.10606060606060606,0.140625,0.06153846153846154,0.0,0.016666666666666666,0.09836065573770492,0.18181818181818182,0.3880597014925373,0.07462686567164178,0.07142857142857142,0.0,0.09230769230769231,0.7419354838709677,0.03636363636363636,0.10606060606060606,0.016129032258064516,0.8923076923076924,0.03125,0.7230769230769231,0.1,0.125,0.6515151515151515,0.11864406779661017,0.3230769230769231,0.7692307692307693,0.07692307692307693,0.10344827586206896,0.42424242424242425,0.7301587301587301,0.453125,0.14754098360655737,0.3142857142857143,0.19047619047619047,0.11290322580645161,0.13333333333333333,0.6818181818181818,0.0,0.046875,0.3382352941176471,0.07936507936507936,0.39705882352941174,0.0,0.058823529411764705,0.676923076923077,0.047619047619047616,0.08333333333333333,0.045454545454545456,0.7076923076923077,0.0967741935483871
TCGA-14-0871,0.7272727272727273,0.12307692307692308,0.96,0.782608695652174,0.6363636363636364,0.6575342465753424,0.9850746268656716,0.15625,0.7058823529411765,0.8428571428571429,0.0,0.6666666666666666,0.4647887323943662,0.6833333333333333,0.90625,0.36363636363636365,0.140625,0.25,0.5671641791044776,0.6865671641791045,0.06451612903225806,0.75,0.6417910447761194,0.28125,0.7580645161290323,0.09375,0.12121212121212122,0.1044776119402985,0.3220338983050847,0.09230769230769231,0.5846153846153846,0.5689655172413793,0.704225352112676,0.05263157894736842,0.6333333333333333,0.835820895522388,0.08450704225352113,0.109375,0.02857142857142857,0.13043478260869565,0.2542372881355932,0.11290322580645161,0.4153846153846154,0.8360655737704918,0.9436619718309859,0.9672131147540983,0.2898550724637681,0.4782608695652174,0.6142857142857143,0.22950819672131148,0.10606060606060606,0.2,0.015151515151515152,0.9428571428571428,0.9701492537313433,0.5625,0.6461538461538462,0.71875,0.7049180327868853,0.7241379310344828,0.23809523809523808,0.14925373134328357,0.7377049180327869,0.8108108108108109,0.0,0.7272727272727273,0.6923076923076923,0.3188405797101449,0.09375,0.6666666666666666,0.5964912280701754,0.6515151515151515,0.3939393939393939,0.2638888888888889,0.12121212121212122,1.0,0.18309859154929578,0.11764705882352941,0.1864406779661017,0.6721311475409836,0.046875,0.6060606060606061,0.7538461538461538,0.04285714285714286,0.1891891891891892,0.6617647058823529,0.6716417910447762,0.5689655172413793,0.671875,0.7846153846153846,0.5303030303030303,0.8615384615384616,0.11864406779661017,0.927536231884058,0.24193548387096775,0.9545454545454546,0.7230769230769231,0.015625,0.5588235294117647,0.208955223880597,0.15873015873015872,0.6268656716417911,0.7230769230769231,0.5882352941176471,0.18055555555555555,0.3968253968253968,0.5245901639344263,0.9552238805970149,0.014285714285714285,0.7164179104477612,0.6197183098591549,0.203125,0.6349206349206349,0.14516129032258066,0.6101694915254238,0.8615384615384616,0.640625,0.18181818181818182,0.42424242424242425,0.0625,0.6666666666666666,0.7142857142857143,0.014925373134328358,0.031746031746031744,0.7647058823529411,0.1044776119402985,0.6865671641791045,0.7213114754098361,0.29411764705882354,0.13846153846153847,0.04411764705882353,0.7419354838709677,0.7464788732394366,0.0,0.6140350877192983,0.6774193548387096,0.05555555555555555,0.1724137931034483,0.058823529411764705,0.014492753623188406,0.7424242424242424,0.3235294117647059,0.0967741935483871,0.5142857142857142,0.05970149253731343,0.5074626865671642,0.734375,0.38235294117647056,0.03076923076923077,0.6911764705882353
TCGA-14-1034,0.04225352112676056,0.5915492957746479,0.18421052631578946,0.2318840579710145,0.04477611940298507,0.041666666666666664,0.17142857142857143,0.6176470588235294,0.04054054054054054,0.16901408450704225,0.2923076923076923,0.1,0.4583333333333333,0.04477611940298507,0.22388059701492538,0.44285714285714284,0.5970149253731343,0.057971014492753624,0.09859154929577464,0.014084507042253521,0.0,0.1323529411764706,0.08823529411764706,0.029411764705882353,0.03076923076923077,0.5,0.5522388059701493,0.5362318840579711,0.3064516129032258,0.49295774647887325,0.08695652173913043,0.06349206349206349,0.05714285714285714,0.5483870967741935,0.07936507936507936,0.13043478260869565,0.0,0.26865671641791045,0.5135135135135135,0.4520547945205479,0.015625,0.4925373134328358,0.2,0.12698412698412698,0.17333333333333334,0.1791044776119403,0.014084507042253521,0.47297297297297297,0.16901408450704225,0.06666666666666667,0.47058823529411764,0.015151515151515152,0.2753623188405797,0.16666666666666666,0.18055555555555555,0.10144927536231885,0.05970149253731343,0.24615384615384617,0.046875,0.05,0.41935483870967744,0.11428571428571428,0.15151515151515152,0.06578947368421052,0.323943661971831,0.04411764705882353,0.08450704225352113,0.2702702702702703,0.4307692307692308,0.029411764705882353,0.21212121212121213,0.057971014492753624,0.30434782608695654,0.0136986301369863,0.43478260869565216,0.18309859154929578,1.0,0.4117647058823529,0.5757575757575758,0.03333333333333333,0.5217391304347826,0.02857142857142857,0.16666666666666666,0.5277777777777778,0.6923076923076923,0.27941176470588236,0.04285714285714286,0.11666666666666667,0.08823529411764706,0.12307692307692308,0.11428571428571428,0.08571428571428572,0.5384615384615384,0.16901408450704225,0.3384615384615385,0.19444444444444445,0.046153846153846156,0.0,0.08333333333333333,0.3880597014925373,0.5882352941176471,0.0821917808219178,0.027777777777777776,0.1111111111111111,0.0136986301369863,0.4307692307692308,0.5,0.21428571428571427,0.2676056338028169,0.2318840579710145,0.25675675675675674,0.014925373134328358,0.08955223880597014,0.5735294117647058,0.047619047619047616,0.21428571428571427,0.27419354838709675,0.4117647058823529,0.4411764705882353,0.5373134328358209,0.05970149253731343,0.058823529411764705,0.6285714285714286,0.04477611940298507,0.125,0.5416666666666666,0.056338028169014086,0.03225806451612903,0.5774647887323944,0.5384615384615384,0.2676056338028169,0.078125,0.3150684931506849,0.12857142857142856,0.19696969696969696,0.031746031746031744,0.5135135135135135,0.015625,0.06756756756756757,0.2191780821917808,0.2463768115942029,0.36619718309859156,0.029850746268656716,0.5068493150684932,0.5428571428571428,0.14705882352941177,0.043478260869565216,0.028169014084507043,0.5294117647058824,0.04285714285714286
TCGA-14-1823,0.171875,0.78125,0.09722222222222222,0.13333333333333333,0.1935483870967742,0.136986301369863,0.12307692307692308,0.7538461538461538,0.16417910447761194,0.18840579710144928,0.41379310344827586,0.12698412698412698,0.04411764705882353,0.13114754098360656,0.09375,0.06451612903225806,0.746268656716418,0.0,0.13636363636363635,0.19047619047619047,0.0,0.09090909090909091,0.20634920634920634,0.06153846153846154,0.2222222222222222,0.873015873015873,0.7777777777777778,0.8507462686567164,0.6440677966101694,0.8888888888888888,0.15384615384615385,0.15254237288135594,0.17647058823529413,0.8545454545454545,0.0967741935483871,0.1076923076923077,0.014285714285714285,0.0,0.8285714285714286,0.7941176470588235,0.016666666666666666,0.90625,0.2537313432835821,0.11475409836065574,0.11267605633802817,0.0847457627118644,0.0,0.07142857142857142,0.10606060606060606,0.03389830508474576,0.890625,0.06349206349206349,0.6060606060606061,0.13043478260869565,0.07352941176470588,0.13846153846153847,0.13636363636363635,0.265625,0.2033898305084746,0.22950819672131148,0.671875,0.0,0.0625,0.15714285714285714,0.5606060606060606,0.203125,0.13846153846153847,0.043478260869565216,0.8769230769230769,0.2,0.07017543859649122,0.18181818181818182,0.07692307692307693,0.06944444444444445,0.746031746031746,0.11764705882352941,0.4117647058823529,1.0,0.8387096774193549,0.13114754098360656,0.8208955223880597,0.171875,0.0967741935483871,0.8507462686567164,0.72,0.38235294117647056,0.15873015873015872,0.10909090909090909,0.12307692307692308,0.046875,0.2727272727272727,0.12121212121212122,0.8813559322033898,0.13636363636363635,0.7076923076923077,0.10294117647058823,0.1935483870967742,0.0,0.06153846153846154,0.6984126984126984,0.8088235294117647,0.15384615384615385,0.23529411764705882,0.12121212121212122,0.014705882352941176,0.031746031746031744,0.015151515151515152,0.11940298507462686,0.6,0.06153846153846154,0.11764705882352941,0.0,0.0967741935483871,0.8032786885245902,0.07547169811320754,0.078125,0.06779661016949153,0.746268656716418,0.078125,0.8529411764705882,0.15,0.1746031746031746,0.7424242424242424,0.15517241379310345,0.16417910447761194,0.7230769230769231,0.2028985507246377,0.22580645161290322,0.453125,0.8833333333333333,0.4626865671641791,0.19047619047619047,0.2463768115942029,0.28125,0.15,0.26666666666666666,0.8,0.016666666666666666,0.1044776119402985,0.45454545454545453,0.029411764705882353,0.463768115942029,0.0,0.028169014084507043,0.7941176470588235,0.11764705882352941,0.1746031746031746,0.07462686567164178,0.8,0.1791044776119403
TCGA-14-1825,0.09523809523809523,0.9322033898305084,0.2,0.11475409836065574,0.08620689655172414,0.07936507936507936,0.23728813559322035,0.9661016949152542,0.10606060606060606,0.18032786885245902,0.4576271186440678,0.08333333333333333,0.1076923076923077,0.06451612903225806,0.18333333333333332,0.017241379310344827,0.9166666666666666,0.0,0.05084745762711865,0.11666666666666667,0.0,0.14035087719298245,0.11864406779661017,0.034482758620689655,0.1016949152542373,0.85,0.8166666666666667,0.95,0.5818181818181818,0.8852459016393442,0.08333333333333333,0.09090909090909091,0.1016949152542373,0.8490566037735849,0.03278688524590164,0.13333333333333333,0.0,0.0,0.8507462686567164,0.78125,0.0,0.8928571428571429,0.2542372881355932,0.21428571428571427,0.21212121212121213,0.23076923076923078,0.015384615384615385,0.07692307692307693,0.06451612903225806,0.04081632653061224,0.8360655737704918,0.03636363636363636,0.5833333333333334,0.1774193548387097,0.1935483870967742,0.08620689655172414,0.047619047619047616,0.40350877192982454,0.08928571428571429,0.14545454545454545,0.7307692307692307,0.0,0.13559322033898305,0.0967741935483871,0.559322033898305,0.0847457627118644,0.08196721311475409,0.046875,0.8596491228070176,0.08771929824561403,0.13725490196078433,0.04838709677419355,0.03125,0.015625,0.7627118644067796,0.1864406779661017,0.5757575757575758,0.8387096774193549,1.0,0.07272727272727272,0.8333333333333334,0.07936507936507936,0.16363636363636364,0.859375,0.7391304347826086,0.5081967213114754,0.08196721311475409,0.0784313725490196,0.08064516129032258,0.13559322033898305,0.19047619047619047,0.15384615384615385,0.9464285714285714,0.11864406779661017,0.6206896551724138,0.208955223880597,0.0847457627118644,0.0,0.12698412698412698,0.6610169491525424,0.953125,0.09090909090909091,0.1111111111111111,0.0967741935483871,0.0,0.037037037037037035,0.11864406779661017,0.23809523809523808,0.53125,0.15,0.12307692307692308,0.0,0.05172413793103448,0.9298245614035088,0.02,0.16666666666666666,0.09433962264150944,0.7213114754098361,0.08196721311475409,0.85,0.08928571428571429,0.1016949152542373,0.7580645161290323,0.1111111111111111,0.16129032258064516,0.8,0.0625,0.11538461538461539,0.5833333333333334,0.9322033898305084,0.45161290322580644,0.10909090909090909,0.3870967741935484,0.3050847457627119,0.17857142857142858,0.10526315789473684,0.8571428571428571,0.0,0.125,0.5079365079365079,0.11475409836065574,0.5079365079365079,0.0,0.14754098360655737,0.8548387096774194,0.06557377049180328,0.10344827586206896,0.046875,0.8,0.0967741935483871
TCGA-14-1829,0.9661016949152542,0.04918032786885246,0.6515151515151515,0.6610169491525424,0.8793103448275862,0.9076923076923077,0.6440677966101694,0.05357142857142857,0.9682539682539683,0.7936507936507936,0.017241379310344827,0.9090909090909091,0.4603174603174603,0.9122807017543859,0.5263157894736842,0.4482758620689655,0.03333333333333333,0.18333333333333332,0.8360655737704918,0.9827586206896551,0.017857142857142856,0.8,0.9,0.35,0.95,0.23214285714285715,0.06779661016949153,0.11290322580645161,0.4909090909090909,0.2033898305084746,0.6610169491525424,0.8363636363636363,0.90625,0.1320754716981132,0.8888888888888888,0.6949152542372882,0.0625,0.10714285714285714,0.15151515151515152,0.31746031746031744,0.2909090909090909,0.16981132075471697,0.48333333333333334,0.7543859649122807,0.640625,0.6415094339622641,0.30158730158730157,0.38095238095238093,0.6440677966101694,0.16981132075471697,0.2033898305084746,0.3103448275862069,0.03125,0.6666666666666666,0.639344262295082,0.7457627118644068,0.8813559322033898,0.46774193548387094,0.9818181818181818,0.9310344827586207,0.2982456140350877,0.06896551724137931,0.6491228070175439,0.8461538461538461,0.016666666666666666,0.9821428571428571,0.9152542372881356,0.3548387096774194,0.19642857142857142,0.9333333333333333,0.5818181818181818,0.9166666666666666,0.6935483870967742,0.3225806451612903,0.14285714285714285,0.6721311475409836,0.03333333333333333,0.13114754098360656,0.07272727272727272,1.0,0.16129032258064516,0.6724137931034483,0.5714285714285714,0.14516129032258066,0.08955223880597014,0.48333333333333334,0.9482758620689655,0.8421052631578947,0.8620689655172413,0.6379310344827587,0.7049180327868853,0.819672131147541,0.13725490196078433,0.6507936507936508,0.3157894736842105,0.5932203389830508,0.9454545454545454,0.05084745762711865,0.4262295081967213,0.3333333333333333,0.08333333333333333,0.9016393442622951,0.9322033898305084,0.75,0.2698412698412698,0.4482758620689655,0.2982456140350877,0.6229508196721312,0.03225806451612903,0.5172413793103449,0.546875,0.25,0.8620689655172413,0.05357142857142857,0.9038461538461539,0.5517241379310345,0.6666666666666666,0.16393442622950818,0.5932203389830508,0.1694915254237288,0.9285714285714286,0.9482758620689655,0.03389830508474576,0.16071428571428573,0.5806451612903226,0.017241379310344827,0.9016393442622951,0.9038461538461539,0.14285714285714285,0.15517241379310345,0.109375,0.9285714285714286,0.46774193548387094,0.037037037037037035,0.5849056603773585,0.9298245614035088,0.1111111111111111,0.25925925925925924,0.04838709677419355,0.0,0.5245901639344263,0.3333333333333333,0.23333333333333334,0.3333333333333333,0.14516129032258066,0.7586206896551724,0.9482758620689655,0.25,0.15517241379310345,0.9344262295081968
TCGA-14-2554,0.11428571428571428,0.8115942028985508,0.041666666666666664,0.12698412698412698,0.12698412698412698,0.2361111111111111,0.04411764705882353,0.8208955223880597,0.15714285714285714,0.07352941176470588,0.4603174603174603,0.23880597014925373,0.056338028169014086,0.22058823529411764,0.06349206349206349,0.1044776119402985,0.7971014492753623,0.015151515151515152,0.22727272727272727,0.16417910447761194,0.0,0.1044776119402985,0.21212121212121213,0.03125,0.15151515151515152,0.9253731343283582,0.796875,0.8676470588235294,0.711864406779661,0.9375,0.2,0.25,0.15942028985507245,0.9166666666666666,0.1935483870967742,0.11594202898550725,0.0,0.015625,1.0,0.8028169014084507,0.0,0.9393939393939394,0.3142857142857143,0.15,0.04054054054054054,0.04838709677419355,0.0,0.0958904109589041,0.11594202898550725,0.0,0.9117647058823529,0.015625,0.5571428571428572,0.06944444444444445,0.058823529411764705,0.20588235294117646,0.22058823529411764,0.265625,0.18032786885245902,0.15151515151515152,0.8709677419354839,0.029850746268656716,0.12307692307692308,0.14864864864864866,0.5671641791044776,0.13636363636363635,0.2318840579710145,0.029411764705882353,0.921875,0.15151515151515152,0.06557377049180328,0.2028985507246377,0.13432835820895522,0.07042253521126761,0.7164179104477612,0.046875,0.5217391304347826,0.8208955223880597,0.8333333333333334,0.16129032258064516,1.0,0.11940298507462686,0.1,0.9714285714285714,0.6753246753246753,0.4,0.15151515151515152,0.26666666666666666,0.25396825396825395,0.04838709677419355,0.22727272727272727,0.1044776119402985,0.9122807017543859,0.05555555555555555,0.6666666666666666,0.058823529411764705,0.171875,0.0,0.028169014084507043,0.7936507936507936,0.8307692307692308,0.24242424242424243,0.17142857142857143,0.18840579710144928,0.027777777777777776,0.14285714285714285,0.015384615384615385,0.043478260869565216,0.5714285714285714,0.06060606060606061,0.13513513513513514,0.04411764705882353,0.234375,0.8095238095238095,0.14035087719298245,0.07462686567164178,0.19047619047619047,0.703125,0.046153846153846156,0.9848484848484849,0.23728813559322035,0.22727272727272727,0.8695652173913043,0.15625,0.07246376811594203,0.7246376811594203,0.19117647058823528,0.1864406779661017,0.5606060606060606,0.8709677419354839,0.5652173913043478,0.109375,0.24285714285714285,0.35384615384615387,0.14516129032258066,0.171875,0.9264705882352942,0.016129032258064516,0.08955223880597014,0.43283582089552236,0.058823529411764705,0.45714285714285713,0.03125,0.014084507042253521,0.9552238805970149,0.21212121212121213,0.15873015873015872,0.0,0.9852941176470589,0.15151515151515152
TCGA-15-0742,0.6567164179104478,0.029850746268656716,0.5694444444444444,0.6363636363636364,0.7611940298507462,0.7058823529411765,0.5223880597014925,0.03125,0.6865671641791045,0.6417910447761194,0.0,0.676923076923077,0.30985915492957744,0.7580645161290323,0.5,0.375,0.030303030303030304,0.046153846153846156,0.6923076923076923,0.7076923076923077,0.016129032258064516,0.6935483870967742,0.6666666666666666,0.21311475409836064,0.6615384615384615,0.07692307692307693,0.09523809523809523,0.0625,0.2786885245901639,0.08955223880597014,0.8888888888888888,0.6610169491525424,0.6363636363636364,0.07272727272727272,0.6984126984126984,0.5606060606060606,0.027777777777777776,0.07936507936507936,0.12857142857142856,0.19117647058823528,0.23333333333333334,0.08333333333333333,0.4626865671641791,0.6825396825396826,0.5507246376811594,0.5409836065573771,0.2714285714285714,0.36764705882352944,0.5522388059701493,0.19642857142857142,0.09090909090909091,0.20967741935483872,0.04477611940298507,0.6285714285714286,0.5373134328358209,0.6612903225806451,0.6666666666666666,0.328125,0.6896551724137931,0.7,0.23728813559322035,0.09090909090909091,0.6779661016949152,0.6338028169014085,0.03076923076923077,0.6615384615384615,0.7424242424242424,0.25,0.11864406779661017,0.671875,0.5172413793103449,0.7313432835820896,0.47058823529411764,0.5,0.2698412698412698,0.6060606060606061,0.02857142857142857,0.171875,0.07936507936507936,0.6724137931034483,0.11940298507462686,1.0,0.4915254237288136,0.08823529411764706,0.03896103896103896,0.36363636363636365,0.6911764705882353,0.7142857142857143,0.7076923076923077,0.6935483870967742,0.8059701492537313,0.6029411764705882,0.1016949152542373,0.5522388059701493,0.21311475409836064,0.47692307692307695,0.6885245901639344,0.0,0.35714285714285715,0.29508196721311475,0.07936507936507936,0.7101449275362319,0.6461538461538462,0.5970149253731343,0.1323529411764706,0.4067796610169492,0.2857142857142857,0.5217391304347826,0.029411764705882353,0.46875,0.49295774647887325,0.14285714285714285,0.7301587301587301,0.06666666666666667,0.7142857142857143,0.49230769230769234,0.48333333333333334,0.3382352941176471,0.3582089552238806,0.13636363636363635,0.7,0.6666666666666666,0.057971014492753624,0.08196721311475409,0.782608695652174,0.18461538461538463,0.6119402985074627,0.6428571428571429,0.15384615384615385,0.03278688524590164,0.04477611940298507,0.6551724137931034,0.37142857142857144,0.03125,0.5,0.7258064516129032,0.07246376811594203,0.109375,0.015151515151515152,0.029411764705882353,0.45454545454545453,0.22058823529411764,0.10606060606060606,0.27941176470588236,0.109375,0.625,0.7076923076923077,0.2727272727272727,0.11290322580645161,0.7014925373134329
TCGA-16-0846,0.6229508196721312,0.19047619047619047,0.8208955223880597,0.7666666666666667,0.6491228070175439,0.609375,0.8064516129032258,0.2,0.65625,0.6825396825396826,0.017543859649122806,0.6101694915254238,0.5625,0.6101694915254238,0.85,0.5079365079365079,0.22033898305084745,0.15,0.65,0.59375,0.03389830508474576,0.7241379310344828,0.6166666666666667,0.2786885245901639,0.65,0.10344827586206896,0.23333333333333334,0.14754098360655737,0.25925925925925924,0.11475409836065574,0.55,0.6296296296296297,0.6290322580645161,0.12280701754385964,0.6071428571428571,0.819672131147541,0.029850746268656716,0.1694915254237288,0.06153846153846154,0.12307692307692308,0.2,0.1206896551724138,0.532258064516129,0.6724137931034483,0.8059701492537313,0.8305084745762712,0.24193548387096775,0.45901639344262296,0.8548387096774194,0.25,0.13333333333333333,0.2631578947368421,0.016129032258064516,0.746031746031746,0.8125,0.6166666666666667,0.5967741935483871,0.6140350877192983,0.6491228070175439,0.5714285714285714,0.21052631578947367,0.22033898305084745,0.7,0.7611940298507462,0.0,0.6229508196721312,0.6557377049180327,0.26153846153846155,0.11666666666666667,0.6333333333333333,0.8035714285714286,0.6031746031746031,0.3770491803278688,0.15625,0.16129032258064516,0.7538461538461538,0.16666666666666666,0.0967741935483871,0.16363636363636364,0.5714285714285714,0.1,0.4915254237288136,1.0,0.078125,0.17647058823529413,0.5833333333333334,0.6101694915254238,0.6111111111111112,0.6190476190476191,0.7833333333333333,0.5,0.7419354838709677,0.1206896551724138,0.75,0.3220338983050847,0.8412698412698413,0.7407407407407407,0.03333333333333333,0.6031746031746031,0.1746031746031746,0.23728813559322035,0.6065573770491803,0.6774193548387096,0.75,0.1044776119402985,0.5245901639344263,0.6206896551724138,0.7846153846153846,0.015625,0.8225806451612904,0.8059701492537313,0.1206896551724138,0.6140350877192983,0.18032786885245902,0.6153846153846154,0.9076923076923077,0.6440677966101694,0.15873015873015872,0.45,0.08333333333333333,0.6551724137931034,0.6379310344827587,0.04838709677419355,0.017241379310344827,0.65625,0.1875,0.6307692307692307,0.6727272727272727,0.25396825396825395,0.13793103448275862,0.031746031746031744,0.5892857142857143,0.6129032258064516,0.0,0.8214285714285714,0.6101694915254238,0.12121212121212122,0.12962962962962962,0.13846153846153847,0.04918032786885246,0.9365079365079365,0.40625,0.07017543859649122,0.609375,0.09523809523809523,0.6610169491525424,0.6666666666666666,0.265625,0.06451612903225806,0.65
TCGA-16-1045,0.14084507042253522,0.8840579710144928,0.038461538461538464,0.11428571428571428,0.10144927536231885,0.21621621621621623,0.043478260869565216,0.8656716417910447,0.1506849315068493,0.1,0.5396825396825397,0.16417910447761194,0.02702702702702703,0.19696969696969696,0.058823529411764705,0.014492753623188406,0.8194444444444444,0.015151515151515152,0.16176470588235295,0.14705882352941177,0.0,0.07462686567164178,0.20588235294117646,0.029411764705882353,0.13636363636363635,0.9253731343283582,0.8461538461538461,0.8857142857142857,0.7301587301587301,0.9253731343283582,0.14285714285714285,0.203125,0.14084507042253522,0.9180327868852459,0.12698412698412698,0.06944444444444445,0.0,0.014705882352941176,0.9736842105263158,0.8450704225352113,0.0,0.9242424242424242,0.2916666666666667,0.09523809523809523,0.04,0.04838709677419355,0.0,0.0684931506849315,0.08571428571428572,0.01694915254237288,0.9583333333333334,0.014705882352941176,0.6142857142857143,0.06944444444444445,0.05555555555555555,0.17142857142857143,0.15942028985507245,0.2878787878787879,0.17391304347826086,0.171875,0.8225806451612904,0.028169014084507043,0.1076923076923077,0.136986301369863,0.6338028169014085,0.14285714285714285,0.16901408450704225,0.0,0.9710144927536232,0.14285714285714285,0.08064516129032258,0.19117647058823528,0.1,0.05405405405405406,0.726027397260274,0.04285714285714286,0.5277777777777778,0.8507462686567164,0.859375,0.14516129032258066,0.9714285714285714,0.08823529411764706,0.078125,1.0,0.7532467532467533,0.38571428571428573,0.14925373134328357,0.18032786885245902,0.19402985074626866,0.04411764705882353,0.21428571428571427,0.11594202898550725,0.9365079365079365,0.06944444444444445,0.6818181818181818,0.07042253521126761,0.16176470588235295,0.0,0.028169014084507043,0.7761194029850746,0.8636363636363636,0.16666666666666666,0.17142857142857143,0.1527777777777778,0.041666666666666664,0.046875,0.0,0.041666666666666664,0.5945945945945946,0.07042253521126761,0.10666666666666667,0.04411764705882353,0.1791044776119403,0.8787878787878788,0.07936507936507936,0.07575757575757576,0.125,0.7222222222222222,0.07142857142857142,0.9558823529411765,0.19047619047619047,0.1791044776119403,0.8285714285714286,0.19047619047619047,0.06756756756756757,0.7857142857142857,0.1917808219178082,0.1935483870967742,0.5070422535211268,0.9104477611940298,0.5555555555555556,0.13846153846153847,0.21621621621621623,0.3484848484848485,0.15384615384615385,0.14925373134328357,0.9014084507042254,0.03225806451612903,0.1095890410958904,0.47297297297297297,0.056338028169014086,0.5342465753424658,0.046875,0.027777777777777776,0.9428571428571428,0.16417910447761194,0.13636363636363635,0.013333333333333334,0.9545454545454546,0.15942028985507245
TCGA-19-1390,0.12,0.7567567567567568,0.18518518518518517,0.1111111111111111,0.0821917808219178,0.0875,0.19480519480519481,0.7297297297297297,0.07792207792207792,0.2,0.36231884057971014,0.06756756756756757,0.2625,0.06944444444444445,0.16666666666666666,0.1917808219178082,0.72,0.013888888888888888,0.06756756756756757,0.0821917808219178,0.0,0.0821917808219178,0.1111111111111111,0.04054054054054054,0.12162162162162163,0.7083333333333334,0.6805555555555556,0.7123287671232876,0.5507246376811594,0.7083333333333334,0.06756756756756757,0.07246376811594203,0.13333333333333333,0.7142857142857143,0.05714285714285714,0.13513513513513514,0.0,0.08450704225352113,0.691358024691358,0.6623376623376623,0.014925373134328358,0.7323943661971831,0.14666666666666667,0.08571428571428572,0.1625,0.22058823529411764,0.0,0.28205128205128205,0.09210526315789473,0.03125,0.7162162162162162,0.0273972602739726,0.5131578947368421,0.20512820512820512,0.1794871794871795,0.0821917808219178,0.06578947368421052,0.4142857142857143,0.13432835820895522,0.13043478260869565,0.5147058823529411,0.0,0.07142857142857142,0.15,0.4594594594594595,0.1095890410958904,0.07894736842105263,0.16883116883116883,0.7142857142857143,0.08333333333333333,0.07692307692307693,0.1038961038961039,0.20270270270270271,0.02531645569620253,0.6056338028169014,0.1891891891891892,0.6923076923076923,0.72,0.7391304347826086,0.08955223880597014,0.6753246753246753,0.03896103896103896,0.17647058823529413,0.7532467532467533,1.0,0.4594594594594595,0.1095890410958904,0.06060606060606061,0.08,0.14492753623188406,0.12,0.17105263157894737,0.7058823529411765,0.21052631578947367,0.5142857142857142,0.18181818181818182,0.09859154929577464,0.0,0.05194805194805195,0.6111111111111112,0.7638888888888888,0.06666666666666667,0.14473684210526316,0.08974358974358974,0.0,0.19117647058823528,0.21428571428571427,0.20253164556962025,0.4473684210526316,0.11842105263157894,0.125,0.0,0.05555555555555555,0.7246376811594203,0.046153846153846156,0.19444444444444445,0.13432835820895522,0.6164383561643836,0.26666666666666666,0.684931506849315,0.08571428571428572,0.08333333333333333,0.7142857142857143,0.09859154929577464,0.14473684210526316,0.6266666666666667,0.15384615384615385,0.13846153846153847,0.6133333333333333,0.8142857142857143,0.41025641025641024,0.14925373134328357,0.3974358974358974,0.2054794520547945,0.12857142857142856,0.14285714285714285,0.6666666666666666,0.014084507042253521,0.06578947368421052,0.35526315789473684,0.14666666666666667,0.44871794871794873,0.014084507042253521,0.2987012987012987,0.6756756756756757,0.0547945205479452,0.09722222222222222,0.025974025974025976,0.6438356164383562,0.09210526315789473
TCGA-19-1787,0.4626865671641791,0.4461538461538462,0.6666666666666666,0.49206349206349204,0.49230769230769234,0.4444444444444444,0.6212121212121212,0.46875,0.4411764705882353,0.5970149253731343,0.14285714285714285,0.4126984126984127,0.3013698630136986,0.4166666666666667,0.5625,0.22580645161290322,0.4375,0.14516129032258066,0.38461538461538464,0.515625,0.016129032258064516,0.48484848484848486,0.44776119402985076,0.14285714285714285,0.5245901639344263,0.4262295081967213,0.4166666666666667,0.44776119402985076,0.6166666666666667,0.4,0.35384615384615387,0.36666666666666664,0.5,0.39285714285714285,0.421875,0.5846153846153846,0.04411764705882353,0.04918032786885246,0.35294117647058826,0.34328358208955223,0.15,0.45,0.2608695652173913,0.5873015873015873,0.5857142857142857,0.7213114754098361,0.16417910447761194,0.3235294117647059,0.35384615384615387,0.1896551724137931,0.421875,0.140625,0.21739130434782608,0.7101449275362319,0.6666666666666666,0.4126984126984127,0.4393939393939394,0.7213114754098361,0.4918032786885246,0.4827586206896552,0.3770491803278688,0.045454545454545456,0.4666666666666667,0.5694444444444444,0.23076923076923078,0.5151515151515151,0.4603174603174603,0.18840579710144928,0.4,0.47692307692307695,0.38596491228070173,0.3787878787878788,0.2318840579710145,0.15714285714285714,0.46875,0.6617647058823529,0.27941176470588236,0.38235294117647056,0.5081967213114754,0.48333333333333334,0.4,0.36363636363636365,0.5833333333333334,0.38571428571428573,0.4594594594594595,1.0,0.4375,0.3898305084745763,0.421875,0.47540983606557374,0.40298507462686567,0.6060606060606061,0.3898305084745763,0.5942028985507246,0.390625,0.5882352941176471,0.46774193548387094,0.031746031746031744,0.3582089552238806,0.4603174603174603,0.47619047619047616,0.4090909090909091,0.5384615384615384,0.421875,0.10294117647058823,0.26229508196721313,0.36923076923076925,0.6176470588235294,0.19117647058823528,0.4090909090909091,0.38571428571428573,0.14285714285714285,0.3968253968253968,0.47540983606557374,0.40350877192982454,0.5737704918032787,0.43333333333333335,0.45588235294117646,0.31343283582089554,0.36764705882352944,0.48214285714285715,0.46774193548387094,0.29850746268656714,0.125,0.5072463768115942,0.3283582089552239,0.4492753623188406,0.43103448275862066,0.31343283582089554,0.4067796610169492,0.22058823529411764,0.4918032786885246,0.6857142857142857,0.14754098360655737,0.36666666666666664,0.4603174603174603,0.37142857142857144,0.08771929824561403,0.08823529411764706,0.17142857142857143,0.4696969696969697,0.3142857142857143,0.06666666666666667,0.3142857142857143,0.3384615384615385,0.3333333333333333,0.4375,0.2318840579710145,0.3333333333333333,0.4411764705882353
TCGA-19-2619,0.9552238805970149,0.10294117647058823,0.6571428571428571,0.6507936507936508,0.8524590163934426,0.9428571428571428,0.6031746031746031,0.08196721311475409,0.9705882352941176,0.7727272727272727,0.01694915254237288,0.9047619047619048,0.43283582089552236,0.9365079365079365,0.546875,0.4393939393939394,0.06060606060606061,0.1791044776119403,0.8636363636363636,0.9230769230769231,0.04918032786885246,0.8059701492537313,0.921875,0.36666666666666664,0.9354838709677419,0.1746031746031746,0.07462686567164178,0.09230769230769231,0.47368421052631576,0.1746031746031746,0.7313432835820896,0.9122807017543859,0.875,0.14035087719298245,0.9137931034482759,0.6984126984126984,0.08695652173913043,0.11864406779661017,0.14285714285714285,0.27692307692307694,0.2833333333333333,0.15,0.5797101449275363,0.7377049180327869,0.6119402985074627,0.6166666666666667,0.2835820895522388,0.36231884057971014,0.703125,0.17543859649122806,0.203125,0.3,0.046153846153846156,0.6857142857142857,0.6268656716417911,0.796875,0.921875,0.4,0.9333333333333333,0.9491525423728814,0.30357142857142855,0.109375,0.6896551724137931,0.8507462686567164,0.014925373134328358,0.9538461538461539,0.953125,0.2727272727272727,0.18032786885245902,0.9538461538461539,0.6440677966101694,0.953125,0.6515151515151515,0.39705882352941174,0.08333333333333333,0.6716417910447762,0.04285714285714286,0.15873015873015872,0.08196721311475409,0.9482758620689655,0.15151515151515152,0.6911764705882353,0.6101694915254238,0.14925373134328357,0.1095890410958904,0.4375,1.0,0.8727272727272727,0.9193548387096774,0.625,0.6923076923076923,0.8181818181818182,0.11864406779661017,0.6615384615384615,0.359375,0.609375,0.9666666666666667,0.06666666666666667,0.36764705882352944,0.36507936507936506,0.1111111111111111,0.9130434782608695,0.8923076923076924,0.8181818181818182,0.30434782608695654,0.4262295081967213,0.2786885245901639,0.5970149253731343,0.04411764705882353,0.6212121212121212,0.6857142857142857,0.2857142857142857,0.9047619047619048,0.1076923076923077,0.8983050847457628,0.609375,0.7142857142857143,0.16923076923076924,0.546875,0.16393442622950818,0.9354838709677419,0.9384615384615385,0.045454545454545456,0.14516129032258066,0.5294117647058824,0.06153846153846154,0.921875,0.9661016949152542,0.18181818181818182,0.13114754098360656,0.07692307692307693,0.896551724137931,0.38235294117647056,0.016666666666666666,0.6440677966101694,0.8709677419354839,0.11428571428571428,0.2786885245901639,0.08823529411764706,0.014925373134328358,0.5303030303030303,0.3939393939393939,0.22950819672131148,0.3382352941176471,0.15873015873015872,0.7936507936507936,0.9365079365079365,0.21739130434782608,0.14754098360655737,0.9692307692307692
TCGA-19-2620,0.8064516129032258,0.05084745762711865,0.5873015873015873,0.6545454545454545,0.8421052631578947,0.9193548387096774,0.5081967213114754,0.06896551724137931,0.8688524590163934,0.639344262295082,0.019230769230769232,0.9833333333333333,0.4918032786885246,0.9473684210526315,0.5084745762711864,0.559322033898305,0.05263157894736842,0.13559322033898305,0.9491525423728814,0.8135593220338984,0.017543859649122806,0.85,0.8448275862068966,0.26785714285714285,0.8421052631578947,0.17857142857142858,0.06779661016949153,0.06896551724137931,0.4444444444444444,0.18333333333333332,0.7719298245614035,0.9629629629629629,0.8305084745762712,0.1320754716981132,0.9642857142857143,0.6721311475409836,0.04918032786885246,0.19298245614035087,0.23809523809523808,0.26229508196721313,0.2830188679245283,0.1724137931034483,0.6491228070175439,0.7857142857142857,0.5230769230769231,0.5185185185185185,0.25396825396825395,0.46774193548387094,0.7288135593220338,0.17647058823529413,0.1864406779661017,0.27586206896551724,0.01639344262295082,0.5483870967741935,0.5573770491803278,0.8275862068965517,0.9508196721311475,0.37735849056603776,0.8620689655172413,0.8135593220338984,0.41818181818181815,0.15254237288135594,0.7857142857142857,0.7833333333333333,0.03571428571428571,0.8166666666666667,0.9824561403508771,0.29508196721311475,0.21428571428571427,0.9298245614035088,0.6346153846153846,0.9016393442622951,0.7,0.3559322033898305,0.09090909090909091,0.5689655172413793,0.11666666666666667,0.10909090909090909,0.0784313725490196,0.8421052631578947,0.26666666666666666,0.7142857142857143,0.6111111111111112,0.18032786885245902,0.06060606060606061,0.3898305084745763,0.8727272727272727,1.0,1.0,0.6037735849056604,0.6,0.7413793103448276,0.12962962962962962,0.5396825396825397,0.35185185185185186,0.5079365079365079,0.8909090909090909,0.08333333333333333,0.3225806451612903,0.40350877192982454,0.1,0.9655172413793104,0.8214285714285714,0.8135593220338984,0.25396825396825395,0.603448275862069,0.39622641509433965,0.4918032786885246,0.03389830508474576,0.5901639344262295,0.696969696969697,0.2542372881355932,0.9830508474576272,0.07142857142857142,0.9423076923076923,0.543859649122807,0.8545454545454545,0.13559322033898305,0.5689655172413793,0.2459016393442623,0.9444444444444444,0.9122807017543859,0.13559322033898305,0.16363636363636364,0.5,0.06666666666666667,0.85,0.8867924528301887,0.26229508196721313,0.09090909090909091,0.08064516129032258,0.7586206896551724,0.3064516129032258,0.05454545454545454,0.6111111111111112,0.8070175438596491,0.1746031746031746,0.24528301886792453,0.1111111111111111,0.0,0.559322033898305,0.38333333333333336,0.1864406779661017,0.38333333333333336,0.27586206896551724,0.9298245614035088,0.9272727272727272,0.1774193548387097,0.2631578947368421,0.8983050847457628
TCGA-19-2624,0.84375,0.06153846153846154,0.647887323943662,0.6935483870967742,0.84375,0.9420289855072463,0.6060606060606061,0.08064516129032258,0.8939393939393939,0.696969696969697,0.03333333333333333,0.9848484848484849,0.43283582089552236,0.9508196721311475,0.5483870967741935,0.4603174603174603,0.0625,0.15873015873015872,0.9393939393939394,0.8615384615384616,0.031746031746031744,0.8524590163934426,0.875,0.2923076923076923,0.873015873015873,0.18032786885245902,0.08333333333333333,0.0967741935483871,0.43333333333333335,0.1746031746031746,0.796875,0.95,0.8181818181818182,0.11864406779661017,0.9841269841269841,0.7272727272727273,0.05714285714285714,0.12903225806451613,0.21428571428571427,0.21739130434782608,0.25,0.1746031746031746,0.5873015873015873,0.7833333333333333,0.5833333333333334,0.603448275862069,0.23880597014925373,0.417910447761194,0.7076923076923077,0.18181818181818182,0.203125,0.26229508196721313,0.03076923076923077,0.6567164179104478,0.6231884057971014,0.7936507936507936,0.9696969696969697,0.3728813559322034,0.8852459016393442,0.8333333333333334,0.3898305084745763,0.125,0.765625,0.8676470588235294,0.046153846153846156,0.8412698412698413,0.984375,0.30434782608695654,0.2,0.9354838709677419,0.6206896551724138,0.8970588235294118,0.640625,0.3283582089552239,0.0967741935483871,0.671875,0.08823529411764706,0.12307692307692308,0.08064516129032258,0.8620689655172413,0.25396825396825395,0.7076923076923077,0.6190476190476191,0.19402985074626866,0.08,0.421875,0.9193548387096774,1.0,1.0,0.6333333333333333,0.6268656716417911,0.8059701492537313,0.13793103448275862,0.6615384615384615,0.3333333333333333,0.5735294117647058,0.9,0.0625,0.3333333333333333,0.4126984126984127,0.109375,0.9692307692307692,0.8208955223880597,0.7878787878787878,0.29850746268656714,0.5333333333333333,0.3333333333333333,0.5571428571428572,0.058823529411764705,0.625,0.6571428571428571,0.25396825396825395,0.9841269841269841,0.08064516129032258,0.9259259259259259,0.59375,0.7966101694915254,0.15384615384615385,0.546875,0.25396825396825395,0.95,0.9206349206349206,0.11940298507462686,0.15517241379310345,0.5507246376811594,0.06349206349206349,0.8805970149253731,0.896551724137931,0.19696969696969696,0.13793103448275862,0.10606060606060606,0.8103448275862069,0.3582089552238806,0.06153846153846154,0.6290322580645161,0.7833333333333333,0.15492957746478872,0.23728813559322035,0.10606060606060606,0.015151515151515152,0.5757575757575758,0.36764705882352944,0.21666666666666667,0.3283582089552239,0.25396825396825395,0.8412698412698413,0.9333333333333333,0.19402985074626866,0.23076923076923078,0.9242424242424242
TCGA-19-2625,0.6363636363636364,0.12307692307692308,0.7714285714285715,0.7301587301587301,0.6065573770491803,0.6029411764705882,0.7377049180327869,0.12903225806451613,0.6176470588235294,0.6923076923076923,0.0,0.6271186440677966,0.46153846153846156,0.6271186440677966,0.7540983606557377,0.359375,0.12698412698412698,0.1111111111111111,0.59375,0.5714285714285714,0.016666666666666666,0.746031746031746,0.5932203389830508,0.2542372881355932,0.6271186440677966,0.04838709677419355,0.14754098360655737,0.1076923076923077,0.2631578947368421,0.03225806451612903,0.7833333333333333,0.6140350877192983,0.6666666666666666,0.07017543859649122,0.5517241379310345,0.6825396825396826,0.014705882352941176,0.1111111111111111,0.029411764705882353,0.06153846153846154,0.21311475409836064,0.034482758620689655,0.5384615384615384,0.7272727272727273,0.7391304347826086,0.8070175438596491,0.208955223880597,0.3384615384615385,0.7076923076923077,0.14035087719298245,0.045454545454545456,0.2033898305084746,0.0,0.7272727272727273,0.7605633802816901,0.5238095238095238,0.578125,0.6129032258064516,0.6607142857142857,0.5964912280701754,0.1724137931034483,0.11475409836065574,0.6833333333333333,0.7014925373134329,0.0,0.5873015873015873,0.6229508196721312,0.18461538461538463,0.05172413793103448,0.5806451612903226,0.6428571428571429,0.6129032258064516,0.3492063492063492,0.4411764705882353,0.1875,0.7846153846153846,0.12307692307692308,0.046875,0.13559322033898305,0.6379310344827587,0.04838709677419355,0.6935483870967742,0.7833333333333333,0.04411764705882353,0.14492753623188406,0.47540983606557374,0.625,0.6037735849056604,0.6333333333333333,1.0,0.6507936507936508,0.7076923076923077,0.05172413793103448,0.703125,0.22950819672131148,0.7384615384615385,0.6491228070175439,0.01639344262295082,0.5409836065573771,0.20967741935483872,0.15625,0.59375,0.6190476190476191,0.65625,0.1076923076923077,0.423728813559322,0.484375,0.7692307692307693,0.0,0.6875,0.6567164179104478,0.14754098360655737,0.639344262295082,0.13114754098360656,0.559322033898305,0.803030303030303,0.6296296296296297,0.24242424242424243,0.4426229508196721,0.015873015873015872,0.6271186440677966,0.55,0.015625,0.05172413793103448,0.8461538461538461,0.234375,0.6129032258064516,0.6481481481481481,0.26153846153846155,0.06666666666666667,0.016129032258064516,0.6,0.6212121212121212,0.0,0.6101694915254238,0.6101694915254238,0.06153846153846154,0.1206896551724138,0.0625,0.015625,0.7313432835820896,0.3484848484848485,0.08333333333333333,0.5074626865671642,0.07936507936507936,0.5714285714285714,0.603448275862069,0.25,0.03225806451612903,0.6666666666666666
TCGA-19-2629,0.6666666666666666,0.18181818181818182,0.5064935064935064,0.640625,0.6515151515151515,0.6956521739130435,0.4852941176470588,0.1875,0.704225352112676,0.6438356164383562,0.08064516129032258,0.6212121212121212,0.2898550724637681,0.703125,0.46153846153846156,0.328125,0.16417910447761194,0.07575757575757576,0.640625,0.71875,0.0,0.5846153846153846,0.7352941176470589,0.16923076923076924,0.6984126984126984,0.18181818181818182,0.17647058823529413,0.18461538461538463,0.4153846153846154,0.25,0.746268656716418,0.6833333333333333,0.7058823529411765,0.2711864406779661,0.6129032258064516,0.5217391304347826,0.0,0.06349206349206349,0.2112676056338028,0.3283582089552239,0.06666666666666667,0.23880597014925373,0.4925373134328358,0.6065573770491803,0.5,0.5254237288135594,0.14492753623188406,0.2714285714285714,0.5671641791044776,0.14035087719298245,0.26865671641791045,0.2,0.043478260869565216,0.589041095890411,0.4857142857142857,0.5645161290322581,0.6060606060606061,0.3484848484848485,0.6825396825396826,0.78125,0.3770491803278688,0.04477611940298507,0.48333333333333334,0.625,0.058823529411764705,0.7230769230769231,0.6363636363636364,0.1527777777777778,0.234375,0.703125,0.47619047619047616,0.7058823529411765,0.45714285714285713,0.44285714285714284,0.4153846153846154,0.5303030303030303,0.11428571428571428,0.2727272727272727,0.19047619047619047,0.7049180327868853,0.22727272727272727,0.8059701492537313,0.5,0.21428571428571427,0.12,0.40298507462686567,0.6923076923076923,0.6,0.6268656716417911,0.6507936507936508,1.0,0.6,0.27586206896551724,0.5072463768115942,0.4153846153846154,0.4782608695652174,0.734375,0.0,0.2608695652173913,0.2698412698412698,0.2153846153846154,0.6527777777777778,0.6716417910447762,0.5735294117647058,0.14084507042253522,0.3114754098360656,0.22058823529411764,0.4788732394366197,0.07142857142857142,0.4782608695652174,0.49333333333333335,0.18181818181818182,0.6923076923076923,0.2,0.6379310344827587,0.4696969696969697,0.4666666666666667,0.5076923076923077,0.4,0.21212121212121213,0.6774193548387096,0.7014925373134329,0.11764705882352941,0.078125,0.7246376811594203,0.2878787878787879,0.6527777777777778,0.6451612903225806,0.15942028985507245,0.13432835820895522,0.07352941176470588,0.7213114754098361,0.4084507042253521,0.03125,0.5409836065573771,0.6617647058823529,0.1917808219178082,0.11666666666666667,0.06060606060606061,0.06944444444444445,0.45454545454545453,0.39436619718309857,0.140625,0.3055555555555556,0.2537313432835821,0.5588235294117647,0.6615384615384615,0.1388888888888889,0.203125,0.7058823529411765
TCGA-19-4065,0.8507462686567164,0.12121212121212122,0.875,0.7272727272727273,0.7692307692307693,0.8169014084507042,0.8461538461538461,0.15384615384615385,0.8194444444444444,0.8507462686567164,0.0,0.7846153846153846,0.4857142857142857,0.8125,0.7121212121212122,0.38461538461538464,0.10606060606060606,0.1746031746031746,0.7101449275362319,0.7910447761194029,0.03076923076923077,0.7846153846153846,0.78125,0.30158730158730157,0.8636363636363636,0.125,0.12698412698412698,0.09090909090909091,0.3770491803278688,0.10606060606060606,0.6818181818181818,0.7377049180327869,0.7971014492753623,0.1016949152542373,0.7878787878787878,0.7538461538461538,0.06944444444444445,0.06451612903225806,0.08333333333333333,0.20588235294117646,0.25,0.12903225806451613,0.43283582089552236,0.8360655737704918,0.7777777777777778,0.8387096774193549,0.29577464788732394,0.4142857142857143,0.6666666666666666,0.20754716981132076,0.16923076923076924,0.24615384615384617,0.014925373134328358,0.8405797101449275,0.8309859154929577,0.6461538461538462,0.7692307692307693,0.6612903225806451,0.8833333333333333,0.8333333333333334,0.23728813559322035,0.057971014492753624,0.746031746031746,0.855072463768116,0.0,0.84375,0.8181818181818182,0.27941176470588236,0.18333333333333332,0.8153846153846154,0.6271186440677966,0.782608695652174,0.5294117647058824,0.2753623188405797,0.1111111111111111,0.8615384615384616,0.08571428571428572,0.12121212121212122,0.15384615384615385,0.819672131147541,0.1044776119402985,0.6029411764705882,0.7419354838709677,0.11594202898550725,0.17105263157894737,0.6060606060606061,0.8181818181818182,0.7413793103448276,0.8059701492537313,0.7076923076923077,0.6,1.0,0.125,0.8484848484848485,0.2857142857142857,0.7857142857142857,0.8852459016393442,0.06153846153846154,0.4852941176470588,0.28125,0.16666666666666666,0.7352941176470589,0.8529411764705882,0.7058823529411765,0.2112676056338028,0.4444444444444444,0.4461538461538462,0.7794117647058824,0.029850746268656716,0.6666666666666666,0.6,0.1746031746031746,0.7575757575757576,0.15625,0.7586206896551724,0.734375,0.7288135593220338,0.15151515151515152,0.5538461538461539,0.07936507936507936,0.8225806451612904,0.78125,0.028985507246376812,0.08333333333333333,0.6617647058823529,0.08823529411764706,0.8059701492537313,0.847457627118644,0.25757575757575757,0.1,0.07246376811594203,0.8166666666666667,0.5857142857142857,0.0,0.6557377049180327,0.8387096774193549,0.08823529411764706,0.15,0.04225352112676056,0.014492753623188406,0.6323529411764706,0.37681159420289856,0.16923076923076924,0.47058823529411764,0.09375,0.6,0.8181818181818182,0.2898550724637681,0.09375,0.8125
TCGA-19-5960,0.11666666666666667,0.8793103448275862,0.109375,0.13559322033898305,0.13793103448275862,0.140625,0.13333333333333333,0.9137931034482759,0.171875,0.1206896551724138,0.4716981132075472,0.15789473684210525,0.0625,0.14545454545454545,0.12903225806451613,0.04918032786885246,0.8813559322033898,0.0,0.13114754098360656,0.1694915254237288,0.0,0.0847457627118644,0.2,0.03333333333333333,0.11864406779661017,0.9322033898305084,0.847457627118644,0.9482758620689655,0.6,0.9344262295081968,0.1016949152542373,0.1509433962264151,0.15,0.8703703703703703,0.10344827586206896,0.12698412698412698,0.0,0.0,0.9384615384615385,0.8548387096774194,0.0,0.9454545454545454,0.26666666666666666,0.17857142857142858,0.14285714285714285,0.125,0.015384615384615385,0.07936507936507936,0.03389830508474576,0.038461538461538464,0.9166666666666666,0.03636363636363636,0.6101694915254238,0.11864406779661017,0.09375,0.13114754098360656,0.1,0.32142857142857145,0.14814814814814814,0.16981132075471697,0.7735849056603774,0.016666666666666666,0.1206896551724138,0.1111111111111111,0.5932203389830508,0.14754098360655737,0.11666666666666667,0.046875,0.9230769230769231,0.14754098360655737,0.05357142857142857,0.11666666666666667,0.1016949152542373,0.03076923076923077,0.75,0.11864406779661017,0.5384615384615384,0.8813559322033898,0.9464285714285714,0.13725490196078433,0.9122807017543859,0.1016949152542373,0.1206896551724138,0.9365079365079365,0.7058823529411765,0.3898305084745763,0.11864406779661017,0.12962962962962962,0.13793103448275862,0.05172413793103448,0.27586206896551724,0.125,1.0,0.08771929824561403,0.6551724137931034,0.14285714285714285,0.14814814814814814,0.0,0.1,0.7230769230769231,0.8983050847457628,0.14754098360655737,0.17543859649122806,0.08064516129032258,0.015625,0.06779661016949153,0.05172413793103448,0.14516129032258066,0.5423728813559322,0.08064516129032258,0.08064516129032258,0.017543859649122806,0.13114754098360656,0.864406779661017,0.0784313725490196,0.11666666666666667,0.10204081632653061,0.6833333333333333,0.08333333333333333,0.9464285714285714,0.15517241379310345,0.1864406779661017,0.7903225806451613,0.14814814814814814,0.11666666666666667,0.7966101694915254,0.11475409836065574,0.17307692307692307,0.5689655172413793,0.9464285714285714,0.4838709677419355,0.14285714285714285,0.2711864406779661,0.3148148148148148,0.19642857142857142,0.14285714285714285,0.8688524590163934,0.018518518518518517,0.09230769230769231,0.47540983606557374,0.06349206349206349,0.484375,0.03333333333333333,0.06451612903225806,0.9016393442622951,0.10526315789473684,0.16666666666666666,0.047619047619047616,0.9016393442622951,0.13333333333333333
TCGA-26-1442,0.7611940298507462,0.09859154929577464,0.9466666666666667,0.746268656716418,0.6111111111111112,0.6666666666666666,0.9701492537313433,0.12307692307692308,0.7101449275362319,0.8169014084507042,0.0,0.6212121212121212,0.4794520547945205,0.6764705882352942,0.859375,0.417910447761194,0.13636363636363635,0.265625,0.5294117647058824,0.7058823529411765,0.06153846153846154,0.676056338028169,0.6363636363636364,0.234375,0.7164179104477612,0.1076923076923077,0.09523809523809523,0.10144927536231885,0.3114754098360656,0.05970149253731343,0.5507246376811594,0.55,0.6764705882352942,0.05084745762711865,0.5873015873015873,0.7681159420289855,0.0821917808219178,0.16666666666666666,0.0410958904109589,0.12857142857142856,0.18032786885245902,0.1044776119402985,0.38235294117647056,0.7301587301587301,0.875,0.9393939393939394,0.2714285714285714,0.5277777777777778,0.6338028169014085,0.16393442622950818,0.11940298507462686,0.18461538461538463,0.029850746268656716,0.88,0.9420289855072463,0.5441176470588235,0.6176470588235294,0.7384615384615385,0.7213114754098361,0.7272727272727273,0.18181818181818182,0.13636363636363635,0.7272727272727273,0.7837837837837838,0.0,0.7391304347826086,0.6567164179104478,0.2361111111111111,0.12307692307692308,0.6811594202898551,0.6031746031746031,0.6323529411764706,0.4057971014492754,0.2638888888888889,0.12121212121212122,0.927536231884058,0.16901408450704225,0.13636363636363635,0.11864406779661017,0.6507936507936508,0.05555555555555555,0.5522388059701493,0.75,0.06944444444444445,0.21052631578947367,0.5942028985507246,0.6615384615384615,0.5396825396825397,0.6615384615384615,0.703125,0.5072463768115942,0.8484848484848485,0.08771929824561403,1.0,0.2903225806451613,0.9117647058823529,0.6923076923076923,0.03125,0.5142857142857142,0.1875,0.13636363636363635,0.6176470588235294,0.7014925373134329,0.5942028985507246,0.16901408450704225,0.3870967741935484,0.5454545454545454,0.9420289855072463,0.04225352112676056,0.6617647058823529,0.6027397260273972,0.14925373134328357,0.6461538461538462,0.12698412698412698,0.5967741935483871,0.855072463768116,0.625,0.13636363636363635,0.4925373134328358,0.06060606060606061,0.6557377049180327,0.6818181818181818,0.028985507246376812,0.015151515151515152,0.7183098591549296,0.08450704225352113,0.6811594202898551,0.7166666666666667,0.2,0.12698412698412698,0.04285714285714286,0.746031746031746,0.6986301369863014,0.0,0.578125,0.6721311475409836,0.04225352112676056,0.13114754098360656,0.07352941176470588,0.014084507042253521,0.7285714285714285,0.36231884057971014,0.07936507936507936,0.5277777777777778,0.029850746268656716,0.4925373134328358,0.6818181818181818,0.32857142857142857,0.043478260869565216,0.6764705882352942
TCGA-26-5132,0.35384615384615387,0.6507936507936508,0.2753623188405797,0.2786885245901639,0.2833333333333333,0.37681159420289856,0.2786885245901639,0.7166666666666667,0.3582089552238806,0.31746031746031744,0.3220338983050847,0.3548387096774194,0.19696969696969696,0.35,0.35,0.2153846153846154,0.6774193548387096,0.06557377049180328,0.36666666666666664,0.36507936507936506,0.03333333333333333,0.28125,0.3968253968253968,0.14754098360655737,0.4,0.6612903225806451,0.6166666666666667,0.6349206349206349,0.48214285714285715,0.703125,0.2786885245901639,0.42105263157894735,0.359375,0.7068965517241379,0.3157894736842105,0.30158730158730157,0.04477611940298507,0.05,0.6417910447761194,0.6515151515151515,0.05172413793103448,0.6666666666666666,0.47692307692307695,0.2903225806451613,0.2537313432835821,0.2631578947368421,0.04838709677419355,0.16417910447761194,0.3384615384615385,0.08333333333333333,0.7258064516129032,0.14035087719298245,0.4461538461538462,0.2923076923076923,0.28125,0.31666666666666665,0.375,0.36666666666666664,0.41379310344827586,0.43103448275862066,0.5666666666666667,0.046875,0.26666666666666666,0.35294117647058826,0.3939393939393939,0.4032258064516129,0.3709677419354839,0.08695652173913043,0.6885245901639344,0.36065573770491804,0.3,0.3968253968253968,0.22580645161290322,0.07246376811594203,0.532258064516129,0.24193548387096775,0.3384615384615385,0.7076923076923077,0.6206896551724138,0.3157894736842105,0.6666666666666666,0.21311475409836064,0.3220338983050847,0.6818181818181818,0.5142857142857142,0.390625,0.359375,0.35185185185185186,0.3333333333333333,0.22950819672131148,0.4153846153846154,0.2857142857142857,0.6551724137931034,0.2903225806451613,1.0,0.3076923076923077,0.3559322033898305,0.031746031746031744,0.15873015873015872,0.47540983606557374,0.6290322580645161,0.3484848484848485,0.4090909090909091,0.3709677419354839,0.09230769230769231,0.1935483870967742,0.19672131147540983,0.2727272727272727,0.48484848484848486,0.3384615384615385,0.3382352941176471,0.06666666666666667,0.31666666666666665,0.6935483870967742,0.35185185185185186,0.296875,0.2727272727272727,0.6290322580645161,0.19047619047619047,0.625,0.3220338983050847,0.4032258064516129,0.5625,0.13559322033898305,0.26865671641791045,0.5573770491803278,0.4153846153846154,0.4107142857142857,0.4603174603174603,0.6842105263157895,0.375,0.31666666666666665,0.31343283582089554,0.18333333333333332,0.45454545454545453,0.3559322033898305,0.6911764705882353,0.07142857142857142,0.15384615384615385,0.3484848484848485,0.2698412698412698,0.5454545454545454,0.05172413793103448,0.20588235294117646,0.6612903225806451,0.38095238095238093,0.3898305084745763,0.109375,0.6721311475409836,0.40625
TCGA-26-5133,0.6666666666666666,0.16666666666666666,0.9452054794520548,0.7538461538461538,0.5384615384615384,0.6111111111111112,0.9714285714285714,0.2028985507246377,0.6338028169014085,0.782608695652174,0.0,0.5882352941176471,0.5285714285714286,0.5970149253731343,0.9253731343283582,0.4393939393939394,0.21428571428571427,0.2727272727272727,0.45454545454545453,0.6231884057971014,0.07462686567164178,0.6470588235294118,0.6119402985074627,0.24242424242424243,0.6818181818181818,0.078125,0.15151515151515152,0.15384615384615385,0.2857142857142857,0.10294117647058823,0.4925373134328358,0.5384615384615384,0.6567164179104478,0.08620689655172414,0.5671641791044776,0.782608695652174,0.08450704225352113,0.140625,0.04054054054054054,0.14925373134328357,0.2222222222222222,0.09090909090909091,0.417910447761194,0.746031746031746,0.9305555555555556,0.9354838709677419,0.25,0.5070422535211268,0.6666666666666666,0.21052631578947367,0.1,0.2,0.014285714285714285,0.8309859154929577,0.9295774647887324,0.5303030303030303,0.5441176470588235,0.7142857142857143,0.625,0.6825396825396826,0.18333333333333332,0.17142857142857143,0.7076923076923077,0.7361111111111112,0.0,0.6567164179104478,0.5735294117647058,0.25,0.1076923076923077,0.5757575757575758,0.6612903225806451,0.5714285714285714,0.36363636363636365,0.18571428571428572,0.13636363636363635,0.9545454545454546,0.19444444444444445,0.10294117647058823,0.208955223880597,0.5932203389830508,0.058823529411764705,0.47692307692307695,0.8412698412698413,0.07042253521126761,0.18181818181818182,0.5882352941176471,0.609375,0.5079365079365079,0.5735294117647058,0.7384615384615385,0.4782608695652174,0.7857142857142857,0.14285714285714285,0.9117647058823529,0.3076923076923077,1.0,0.65625,0.029850746268656716,0.5571428571428572,0.21212121212121213,0.18840579710144928,0.5507246376811594,0.647887323943662,0.6056338028169014,0.15714285714285714,0.40625,0.6363636363636364,0.9452054794520548,0.013888888888888888,0.7391304347826086,0.6575342465753424,0.13636363636363635,0.5454545454545454,0.21212121212121213,0.5333333333333333,0.9117647058823529,0.6349206349206349,0.11764705882352941,0.4696969696969697,0.07692307692307693,0.6065573770491803,0.6363636363636364,0.0,0.016129032258064516,0.6956521739130435,0.11267605633802817,0.6056338028169014,0.6206896551724138,0.30434782608695654,0.14516129032258066,0.028985507246376812,0.6666666666666666,0.6666666666666666,0.0,0.65625,0.609375,0.11428571428571428,0.13559322033898305,0.08333333333333333,0.014285714285714285,0.8088235294117647,0.38571428571428573,0.06153846153846154,0.6111111111111112,0.07462686567164178,0.47058823529411764,0.6307692307692307,0.30985915492957744,0.029850746268656716,0.6086956521739131
TCGA-26-5134,0.967741935483871,0.09375,0.6857142857142857,0.75,0.9,0.9402985074626866,0.6612903225806451,0.08064516129032258,0.9850746268656716,0.8225806451612904,0.034482758620689655,0.9,0.4461538461538462,0.9322033898305084,0.5737704918032787,0.47540983606557374,0.06349206349206349,0.15517241379310345,0.9166666666666666,0.967741935483871,0.01639344262295082,0.8253968253968254,0.9384615384615385,0.3114754098360656,0.9666666666666667,0.22950819672131148,0.06779661016949153,0.09836065573770492,0.48148148148148145,0.21666666666666667,0.7142857142857143,0.9245283018867925,0.9230769230769231,0.19230769230769232,0.9152542372881356,0.7846153846153846,0.04477611940298507,0.13114754098360656,0.13432835820895522,0.3076923076923077,0.21818181818181817,0.19672131147540983,0.6,0.7457627118644068,0.6716417910447762,0.6724137931034483,0.2857142857142857,0.417910447761194,0.7777777777777778,0.21818181818181817,0.23809523809523808,0.3,0.03225806451612903,0.7076923076923077,0.6935483870967742,0.7903225806451613,0.9193548387096774,0.43333333333333335,0.9655172413793104,0.9285714285714286,0.3157894736842105,0.140625,0.7288135593220338,0.8955223880597015,0.015625,0.967741935483871,0.9242424242424242,0.265625,0.23333333333333334,1.0,0.6909090909090909,0.9491525423728814,0.65625,0.30434782608695654,0.11475409836065574,0.7230769230769231,0.046153846153846156,0.1935483870967742,0.0847457627118644,0.9454545454545454,0.171875,0.6885245901639344,0.7407407407407407,0.16176470588235295,0.09859154929577464,0.46774193548387094,0.9666666666666667,0.8909090909090909,0.9,0.6491228070175439,0.734375,0.8852459016393442,0.14814814814814814,0.6923076923076923,0.3559322033898305,0.65625,1.0,0.04918032786885246,0.40625,0.3050847457627119,0.13559322033898305,0.9384615384615385,0.9841269841269841,0.8412698412698413,0.25757575757575757,0.47368421052631576,0.3114754098360656,0.6349206349206349,0.05970149253731343,0.640625,0.7121212121212122,0.2222222222222222,0.9152542372881356,0.09090909090909091,0.9122807017543859,0.6666666666666666,0.711864406779661,0.19672131147540983,0.5806451612903226,0.16666666666666666,0.9464285714285714,0.9672131147540983,0.05084745762711865,0.13559322033898305,0.5846153846153846,0.04918032786885246,0.9538461538461539,0.9824561403508771,0.15873015873015872,0.14285714285714285,0.07936507936507936,0.9298245614035088,0.417910447761194,0.03278688524590164,0.7068965517241379,0.8983050847457628,0.14285714285714285,0.2830188679245283,0.109375,0.046875,0.6190476190476191,0.38461538461538464,0.22413793103448276,0.390625,0.12698412698412698,0.8305084745762712,0.984375,0.25,0.16393442622950818,0.9682539682539683
TCGA-26-5135,0.06060606060606061,0.0,0.014084507042253521,0.015625,0.031746031746031744,0.043478260869565216,0.03125,0.0,0.043478260869565216,0.015384615384615385,0.39655172413793105,0.08064516129032258,0.0,0.05,0.016666666666666666,0.03076923076923077,0.0,0.6,0.047619047619047616,0.06349206349206349,0.8253968253968254,0.046153846153846156,0.03225806451612903,0.42857142857142855,0.04838709677419355,0.0,0.0,0.0,0.01639344262295082,0.0,0.0,0.06666666666666667,0.06060606060606061,0.0,0.0625,0.04477611940298507,0.746268656716418,0.4032258064516129,0.0,0.015384615384615385,0.4745762711864407,0.0,0.015873015873015872,0.05084745762711865,0.014492753623188406,0.016129032258064516,0.45588235294117646,0.0,0.03125,0.5254237288135594,0.0,0.5079365079365079,0.2647058823529412,0.045454545454545456,0.014285714285714285,0.045454545454545456,0.06153846153846154,0.015873015873015872,0.031746031746031744,0.05263157894736842,0.0,0.5384615384615384,0.03225806451612903,0.04285714285714286,0.28125,0.04838709677419355,0.057971014492753624,0.3181818181818182,0.0,0.06153846153846154,0.03278688524590164,0.046153846153846156,0.031746031746031744,0.36764705882352944,0.015873015873015872,0.015625,0.0,0.0,0.0,0.05084745762711865,0.0,0.0,0.03333333333333333,0.0,0.0,0.031746031746031744,0.06666666666666667,0.08333333333333333,0.0625,0.01639344262295082,0.0,0.06153846153846154,0.0,0.03125,0.031746031746031744,0.029850746268656716,0.04918032786885246,1.0,0.23076923076923078,0.03333333333333333,0.0,0.04477611940298507,0.046153846153846156,0.015625,0.6176470588235294,0.016129032258064516,0.0,0.0,0.30303030303030304,0.015384615384615385,0.02857142857142857,0.5606060606060606,0.03225806451612903,0.0,0.06896551724137931,0.031746031746031744,0.05263157894736842,0.0,0.03125,0.0,0.06779661016949153,0.046875,0.06153846153846154,0.59375,0.015151515151515152,0.0,0.046153846153846156,0.03571428571428571,0.015625,0.0,0.27941176470588236,0.03508771929824561,0.0,0.5245901639344263,0.03278688524590164,0.04918032786885246,0.0,0.5932203389830508,0.6029411764705882,0.32857142857142857,0.03076923076923077,0.0,0.6451612903225806,0.0,0.0,0.03225806451612903,0.03278688524590164,0.40298507462686567,0.0,0.045454545454545456
TCGA-26-5136,0.43478260869565216,0.07246376811594203,0.5974025974025974,0.5303030303030303,0.4,0.323943661971831,0.6086956521739131,0.12307692307692308,0.43661971830985913,0.4927536231884058,0.1076923076923077,0.3,0.25,0.36363636363636365,0.6153846153846154,0.21875,0.11594202898550725,0.14925373134328357,0.3235294117647059,0.44285714285714284,0.3181818181818182,0.44776119402985076,0.3283582089552239,0.5522388059701493,0.417910447761194,0.05970149253731343,0.140625,0.1076923076923077,0.12903225806451613,0.05970149253731343,0.30303030303030304,0.31666666666666665,0.39705882352941174,0.03225806451612903,0.3387096774193548,0.45714285714285713,0.2777777777777778,0.08823529411764706,0.028169014084507043,0.11428571428571428,0.6031746031746031,0.07575757575757576,0.22388059701492538,0.5238095238095238,0.6197183098591549,0.6349206349206349,0.6376811594202898,0.22857142857142856,0.4411764705882353,0.631578947368421,0.07246376811594203,0.5074626865671642,0.2112676056338028,0.463768115942029,0.6428571428571429,0.38461538461538464,0.34782608695652173,0.46774193548387094,0.38095238095238093,0.375,0.1111111111111111,0.13432835820895522,0.5081967213114754,0.410958904109589,0.0,0.391304347826087,0.38235294117647056,0.42857142857142855,0.07692307692307693,0.36923076923076925,0.48333333333333334,0.3380281690140845,0.18840579710144928,0.1388888888888889,0.12121212121212122,0.5588235294117647,0.08333333333333333,0.06153846153846154,0.12698412698412698,0.4262295081967213,0.028169014084507043,0.35714285714285715,0.6031746031746031,0.028169014084507043,0.05194805194805195,0.3582089552238806,0.36764705882352944,0.3225806451612903,0.3333333333333333,0.5409836065573771,0.2608695652173913,0.4852941176470588,0.1,0.5142857142857142,0.15873015873015872,0.5571428571428572,0.40625,0.23076923076923078,1.0,0.12121212121212122,0.10606060606060606,0.3142857142857143,0.4411764705882353,0.375,0.07042253521126761,0.22388059701492538,0.36507936507936506,0.6111111111111112,0.013888888888888888,0.4782608695652174,0.4189189189189189,0.04477611940298507,0.36363636363636365,0.1076923076923077,0.3508771929824561,0.6153846153846154,0.30158730158730157,0.12121212121212122,0.2028985507246377,0.03076923076923077,0.390625,0.34285714285714286,0.0,0.015873015873015872,0.5070422535211268,0.11940298507462686,0.3582089552238806,0.45,0.08571428571428572,0.08196721311475409,0.26865671641791045,0.4262295081967213,0.4444444444444444,0.0,0.45161290322580644,0.4393939393939394,0.05405405405405406,0.14285714285714285,0.08571428571428572,0.37142857142857144,0.5735294117647058,0.17142857142857143,0.029850746268656716,0.30434782608695654,0.045454545454545456,0.3787878787878788,0.39705882352941174,0.6944444444444444,0.015384615384615385,0.37681159420289856
TCGA-26-5139,0.2903225806451613,0.6153846153846154,0.18571428571428572,0.25,0.3,0.3880597014925373,0.15151515151515152,0.6129032258064516,0.3484848484848485,0.25,0.3684210526315789,0.3548387096774194,0.10294117647058823,0.3898305084745763,0.18032786885245902,0.15151515151515152,0.6290322580645161,0.047619047619047616,0.29508196721311475,0.3230769230769231,0.0,0.22950819672131148,0.38333333333333336,0.09523809523809523,0.2698412698412698,0.7377049180327869,0.6451612903225806,0.6984126984126984,0.7818181818181819,0.6825396825396826,0.3125,0.38596491228070173,0.2835820895522388,0.7096774193548387,0.3333333333333333,0.22727272727272727,0.0,0.045454545454545456,0.7611940298507462,0.6923076923076923,0.11666666666666667,0.7068965517241379,0.3548387096774194,0.3275862068965517,0.19117647058823528,0.1724137931034483,0.07575757575757576,0.15151515151515152,0.16923076923076924,0.05454545454545454,0.676923076923077,0.06779661016949153,0.5079365079365079,0.26153846153846155,0.1875,0.3125,0.36363636363636365,0.3793103448275862,0.29310344827586204,0.3050847457627119,0.631578947368421,0.015625,0.2786885245901639,0.2571428571428571,0.453125,0.3230769230769231,0.36065573770491804,0.11764705882352941,0.7619047619047619,0.34375,0.1896551724137931,0.34375,0.25806451612903225,0.14492753623188406,0.5625,0.208955223880597,0.3880597014925373,0.6984126984126984,0.6610169491525424,0.3333333333333333,0.7936507936507936,0.29508196721311475,0.1746031746031746,0.7761194029850746,0.6111111111111112,0.4603174603174603,0.36507936507936506,0.40350877192982454,0.4126984126984127,0.20967741935483872,0.2698412698412698,0.28125,0.7230769230769231,0.1875,0.47540983606557374,0.21212121212121213,0.3050847457627119,0.03333333333333333,0.12121212121212122,1.0,0.6507936507936508,0.38461538461538464,0.3076923076923077,0.22727272727272727,0.1,0.19672131147540983,0.034482758620689655,0.17647058823529413,0.46153846153846156,0.13846153846153847,0.2112676056338028,0.08064516129032258,0.36666666666666664,0.6774193548387096,0.3157894736842105,0.19047619047619047,0.25,0.532258064516129,0.15625,0.8032786885245902,0.36507936507936506,0.30158730158730157,0.6923076923076923,0.1896551724137931,0.22727272727272727,0.5454545454545454,0.3181818181818182,0.3620689655172414,0.4307692307692308,0.6885245901639344,0.4090909090909091,0.3,0.24615384615384617,0.23809523809523808,0.16666666666666666,0.35,0.6911764705882353,0.05263157894736842,0.07462686567164178,0.34375,0.15625,0.4264705882352941,0.06557377049180328,0.045454545454545456,0.7611940298507462,0.2857142857142857,0.31746031746031744,0.1044776119402985,0.7580645161290323,0.3125
TCGA-27-1830,0.09090909090909091,0.9365079365079365,0.18571428571428572,0.16129032258064516,0.13333333333333333,0.10294117647058823,0.203125,0.96875,0.1044776119402985,0.16176470588235295,0.45901639344262296,0.0625,0.09090909090909091,0.078125,0.19047619047619047,0.016129032258064516,0.9242424242424242,0.0,0.07692307692307693,0.125,0.0,0.15625,0.140625,0.03125,0.09836065573770492,0.8571428571428571,0.873015873015873,0.9508196721311475,0.5614035087719298,0.8923076923076924,0.09090909090909091,0.13793103448275862,0.1111111111111111,0.8771929824561403,0.04918032786885246,0.140625,0.0,0.015873015873015872,0.8309859154929577,0.7352941176470589,0.016666666666666666,0.8688524590163934,0.26153846153846155,0.1896551724137931,0.17142857142857143,0.23333333333333334,0.014705882352941176,0.043478260869565216,0.11940298507462686,0.018518518518518517,0.8615384615384616,0.034482758620689655,0.546875,0.2028985507246377,0.20588235294117646,0.07936507936507936,0.08823529411764706,0.38333333333333336,0.11864406779661017,0.13114754098360656,0.6833333333333333,0.015625,0.12698412698412698,0.14925373134328357,0.5555555555555556,0.09090909090909091,0.1076923076923077,0.014705882352941176,0.8548387096774194,0.11290322580645161,0.19642857142857142,0.09375,0.014925373134328358,0.014705882352941176,0.7796610169491526,0.15873015873015872,0.5882352941176471,0.8088235294117647,0.953125,0.08333333333333333,0.8307692307692308,0.07936507936507936,0.23728813559322035,0.8636363636363636,0.7638888888888888,0.47619047619047616,0.1111111111111111,0.1,0.109375,0.15625,0.2153846153846154,0.16666666666666666,0.8983050847457628,0.13636363636363635,0.6290322580645161,0.18840579710144928,0.13559322033898305,0.0,0.10606060606060606,0.6507936507936508,1.0,0.09090909090909091,0.11764705882352941,0.14925373134328357,0.0,0.031746031746031744,0.11290322580645161,0.21212121212121213,0.47058823529411764,0.18181818181818182,0.17391304347826086,0.0,0.08196721311475409,0.9682539682539683,0.037037037037037035,0.22727272727272727,0.08928571428571429,0.7692307692307693,0.07575757575757576,0.8181818181818182,0.11864406779661017,0.09375,0.7761194029850746,0.0847457627118644,0.15384615384615385,0.8307692307692308,0.10606060606060606,0.15517241379310345,0.5230769230769231,0.8833333333333333,0.45454545454545453,0.12903225806451613,0.36923076923076925,0.2857142857142857,0.23728813559322035,0.1016949152542373,0.8656716417910447,0.0,0.11764705882352941,0.47761194029850745,0.15942028985507245,0.47761194029850745,0.0,0.14705882352941177,0.8461538461538461,0.109375,0.1,0.029850746268656716,0.8,0.1076923076923077
TCGA-27-1831,0.9,0.043478260869565216,0.6266666666666667,0.6716417910447762,0.8571428571428571,0.9452054794520548,0.5606060606060606,0.058823529411764705,0.9315068493150684,0.7142857142857143,0.03125,0.9848484848484849,0.463768115942029,0.9545454545454546,0.5074626865671642,0.5454545454545454,0.04477611940298507,0.14705882352941177,0.9402985074626866,0.8939393939393939,0.015625,0.835820895522388,0.9,0.29850746268656714,0.8970588235294118,0.2,0.08823529411764706,0.1076923076923077,0.40625,0.2028985507246377,0.7794117647058824,0.9666666666666667,0.8676470588235294,0.15254237288135594,0.9838709677419355,0.7428571428571429,0.0547945205479452,0.15625,0.2112676056338028,0.2835820895522388,0.26229508196721313,0.1875,0.7246376811594203,0.75,0.5915492957746479,0.5555555555555556,0.2361111111111111,0.4788732394366197,0.7285714285714285,0.17543859649122806,0.18309859154929578,0.265625,0.014285714285714285,0.6111111111111112,0.6086956521739131,0.875,0.9696969696969697,0.36363636363636365,0.9180327868852459,0.8548387096774194,0.38333333333333336,0.13043478260869565,0.7049180327868853,0.8472222222222222,0.029411764705882353,0.8955223880597015,0.9855072463768116,0.28169014084507044,0.20634920634920634,0.96875,0.6349206349206349,0.9117647058823529,0.7101449275362319,0.3150684931506849,0.10606060606060606,0.6268656716417911,0.0821917808219178,0.15384615384615385,0.09090909090909091,0.9016393442622951,0.24242424242424243,0.7101449275362319,0.6065573770491803,0.16666666666666666,0.06666666666666667,0.4090909090909091,0.9130434782608695,0.9655172413793104,0.9692307692307692,0.59375,0.6527777777777778,0.7352941176470589,0.14754098360655737,0.6176470588235294,0.3484848484848485,0.5507246376811594,0.9384615384615385,0.04477611940298507,0.3142857142857143,0.38461538461538464,0.09090909090909091,1.0,0.8840579710144928,0.8309859154929577,0.28169014084507044,0.5625,0.34375,0.5571428571428572,0.06944444444444445,0.6119402985074627,0.684931506849315,0.2727272727272727,0.9848484848484849,0.06349206349206349,0.9516129032258065,0.5606060606060606,0.7758620689655172,0.15151515151515152,0.5735294117647058,0.26153846153846155,0.9402985074626866,0.9701492537313433,0.1044776119402985,0.15384615384615385,0.5,0.043478260869565216,0.9,0.8983050847457628,0.18571428571428572,0.1323529411764706,0.09722222222222222,0.8412698412698413,0.3698630136986301,0.04477611940298507,0.6190476190476191,0.8181818181818182,0.1780821917808219,0.24615384615384617,0.1111111111111111,0.014084507042253521,0.5588235294117647,0.4084507042253521,0.22727272727272727,0.34285714285714286,0.22727272727272727,0.8955223880597015,0.9264705882352942,0.15492957746478872,0.23809523809523808,0.9154929577464789
TCGA-27-1832,0.9402985074626866,0.07352941176470588,0.7083333333333334,0.6984126984126984,0.8923076923076924,0.9,0.6818181818181818,0.07462686567164178,0.9428571428571428,0.8028169014084507,0.03125,0.8507462686567164,0.4714285714285714,0.8923076923076924,0.6031746031746031,0.45454545454545453,0.06060606060606061,0.171875,0.8507462686567164,0.9117647058823529,0.043478260869565216,0.803030303030303,0.9047619047619048,0.3384615384615385,0.9696969696969697,0.25,0.0967741935483871,0.125,0.4745762711864407,0.24242424242424243,0.6617647058823529,0.8307692307692308,0.9,0.15789473684210525,0.8571428571428571,0.746268656716418,0.07042253521126761,0.109375,0.1506849315068493,0.34782608695652173,0.27419354838709675,0.22388059701492538,0.5223880597014925,0.7540983606557377,0.684931506849315,0.6935483870967742,0.30303030303030304,0.4507042253521127,0.6911764705882353,0.21052631578947367,0.2753623188405797,0.2903225806451613,0.05970149253731343,0.7083333333333334,0.6857142857142857,0.7313432835820896,0.8529411764705882,0.4838709677419355,0.9841269841269841,0.9322033898305084,0.35,0.10144927536231885,0.6825396825396826,0.9027777777777778,0.014084507042253521,0.9411764705882353,0.8714285714285714,0.3,0.25757575757575757,0.9545454545454546,0.6190476190476191,0.8787878787878788,0.6666666666666666,0.30434782608695654,0.140625,0.7230769230769231,0.027777777777777776,0.23529411764705882,0.1111111111111111,0.9322033898305084,0.17142857142857143,0.6461538461538462,0.6774193548387096,0.17142857142857143,0.14473684210526316,0.5384615384615384,0.8923076923076924,0.8214285714285714,0.8208955223880597,0.6190476190476191,0.6716417910447762,0.8529411764705882,0.17543859649122806,0.7014925373134329,0.4090909090909091,0.647887323943662,0.9841269841269841,0.046153846153846156,0.4411764705882353,0.3076923076923077,0.11764705882352941,0.8840579710144928,1.0,0.7714285714285715,0.2318840579710145,0.45161290322580644,0.36507936507936506,0.6527777777777778,0.08571428571428572,0.6231884057971014,0.6351351351351351,0.21212121212121213,0.8412698412698413,0.09375,0.8688524590163934,0.6119402985074627,0.6612903225806451,0.21212121212121213,0.5692307692307692,0.2153846153846154,0.8870967741935484,0.9393939393939394,0.04411764705882353,0.11290322580645161,0.6,0.05714285714285714,0.9264705882352942,0.9322033898305084,0.14084507042253522,0.2,0.08695652173913043,0.9253731343283582,0.45714285714285713,0.028985507246376812,0.6507936507936508,0.9047619047619048,0.1388888888888889,0.21666666666666667,0.10144927536231885,0.04285714285714286,0.582089552238806,0.391304347826087,0.2,0.35714285714285715,0.12121212121212122,0.7424242424242424,0.953125,0.28169014084507044,0.16923076923076924,0.9558823529411765
TCGA-27-1834,0.8059701492537313,0.14492753623188406,0.5974025974025974,0.6307692307692307,0.7076923076923077,0.8243243243243243,0.5882352941176471,0.11764705882352941,0.8055555555555556,0.5915492957746479,0.030303030303030304,0.7971014492753623,0.589041095890411,0.8,0.6567164179104478,0.6119402985074627,0.11428571428571428,0.13432835820895522,0.8656716417910447,0.7313432835820896,0.030303030303030304,0.7611940298507462,0.835820895522388,0.2835820895522388,0.7941176470588235,0.15873015873015872,0.15151515151515152,0.07692307692307693,0.43333333333333335,0.16666666666666666,0.7164179104477612,0.875,0.746268656716418,0.19298245614035087,0.7903225806451613,0.7142857142857143,0.04225352112676056,0.15384615384615385,0.16666666666666666,0.2318840579710145,0.1935483870967742,0.13432835820895522,0.7101449275362319,0.6507936507936508,0.6027397260273972,0.5806451612903226,0.2638888888888889,0.4444444444444444,0.9285714285714286,0.24561403508771928,0.17391304347826086,0.265625,0.028985507246376812,0.5633802816901409,0.6111111111111112,0.796875,0.8059701492537313,0.42857142857142855,0.8225806451612904,0.7419354838709677,0.31666666666666665,0.18309859154929578,0.6451612903225806,0.7916666666666666,0.0,0.7428571428571429,0.8260869565217391,0.22535211267605634,0.16923076923076924,0.796875,0.8166666666666667,0.7941176470588235,0.582089552238806,0.2535211267605634,0.06153846153846154,0.5882352941176471,0.1111111111111111,0.12121212121212122,0.0967741935483871,0.75,0.18840579710144928,0.5970149253731343,0.75,0.1527777777777778,0.08974358974358974,0.421875,0.8181818181818182,0.8135593220338984,0.7878787878787878,0.65625,0.5735294117647058,0.7058823529411765,0.08064516129032258,0.5942028985507246,0.3709677419354839,0.6056338028169014,0.8412698412698413,0.015625,0.375,0.22727272727272727,0.14925373134328357,0.8309859154929577,0.7714285714285715,1.0,0.16901408450704225,0.6,0.453125,0.5555555555555556,0.05555555555555555,0.8405797101449275,0.863013698630137,0.16923076923076924,0.8181818181818182,0.13636363636363635,0.7777777777777778,0.7164179104477612,0.7377049180327869,0.14705882352941177,0.5362318840579711,0.15384615384615385,0.828125,0.8059701492537313,0.07142857142857142,0.04838709677419355,0.463768115942029,0.13043478260869565,0.8333333333333334,0.7758620689655172,0.2028985507246377,0.0967741935483871,0.05555555555555555,0.6984126984126984,0.35714285714285715,0.015625,0.84375,0.7272727272727273,0.18571428571428572,0.234375,0.1232876712328767,0.028169014084507043,0.7246376811594203,0.5072463768115942,0.12121212121212122,0.5142857142857142,0.18181818181818182,0.9253731343283582,0.7941176470588235,0.18055555555555555,0.16417910447761194,0.835820895522388
TCGA-27-1835,0.2777777777777778,0.0,0.18666666666666668,0.17391304347826086,0.2153846153846154,0.273972602739726,0.15492957746478872,0.0,0.2876712328767123,0.18571428571428572,0.3076923076923077,0.2647058823529412,0.05555555555555555,0.2878787878787879,0.1323529411764706,0.09722222222222222,0.0,0.8985507246376812,0.24242424242424243,0.2608695652173913,0.5074626865671642,0.2318840579710145,0.2463768115942029,0.07142857142857142,0.2608695652173913,0.029850746268656716,0.0,0.014492753623188406,0.08196721311475409,0.029411764705882353,0.1323529411764706,0.30158730158730157,0.1780821917808219,0.0,0.3125,0.21428571428571427,0.5945945945945946,0.6060606060606061,0.03896103896103896,0.056338028169014086,0.11290322580645161,0.014705882352941176,0.15942028985507245,0.2222222222222222,0.14473684210526316,0.09375,0.08333333333333333,0.05405405405405406,0.14084507042253522,0.06896551724137931,0.028985507246376812,0.06153846153846154,0.0,0.17567567567567569,0.1388888888888889,0.22388059701492538,0.32857142857142857,0.07692307692307693,0.25,0.23880597014925373,0.078125,0.8405797101449275,0.22058823529411764,0.2597402597402597,0.44776119402985076,0.21739130434782608,0.2714285714285714,0.0684931506849315,0.04411764705882353,0.26865671641791045,0.18032786885245902,0.22058823529411764,0.19117647058823528,0.6164383561643836,0.0,0.18055555555555555,0.0136986301369863,0.014705882352941176,0.0,0.2698412698412698,0.027777777777777776,0.1323529411764706,0.1044776119402985,0.041666666666666664,0.0,0.10294117647058823,0.30434782608695654,0.25396825396825395,0.29850746268656714,0.1076923076923077,0.14084507042253522,0.2112676056338028,0.015625,0.16901408450704225,0.09230769230769231,0.15714285714285714,0.25757575757575757,0.6176470588235294,0.07042253521126761,0.1,0.0,0.28169014084507044,0.2318840579710145,0.16901408450704225,1.0,0.07575757575757576,0.029850746268656716,0.17142857142857143,0.4383561643835616,0.08571428571428572,0.13513513513513514,0.9855072463768116,0.24615384615384617,0.0,0.27419354838709675,0.11594202898550725,0.21875,0.028985507246376812,0.08571428571428572,0.045454545454545456,0.26153846153846155,0.2835820895522388,0.1,0.8970588235294118,0.11267605633802817,0.0,0.2463768115942029,0.25,0.043478260869565216,0.015384615384615385,0.1111111111111111,0.25,0.08333333333333333,0.7101449275362319,0.109375,0.23880597014925373,0.027777777777777776,0.9375,0.8285714285714286,0.0,0.11594202898550725,0.04225352112676056,0.9552238805970149,0.04225352112676056,0.043478260869565216,0.21428571428571427,0.22857142857142856,0.04,0.04477611940298507,0.2676056338028169
TCGA-27-1837,0.4375,0.06060606060606061,0.391304347826087,0.47540983606557374,0.4642857142857143,0.4696969696969697,0.3968253968253968,0.06666666666666667,0.44776119402985076,0.3114754098360656,0.017543859649122806,0.5333333333333333,0.9393939393939394,0.5172413793103449,0.45901639344262296,0.9838709677419355,0.09836065573770492,0.06451612903225806,0.6290322580645161,0.4393939393939394,0.0,0.46774193548387094,0.47692307692307695,0.125,0.4666666666666667,0.1016949152542373,0.1,0.017241379310344827,0.2,0.09375,0.4918032786885246,0.5454545454545454,0.46875,0.12727272727272726,0.5789473684210527,0.5,0.015625,0.39655172413793105,0.1076923076923077,0.09090909090909091,0.1111111111111111,0.1,0.5967741935483871,0.4482758620689655,0.38461538461538464,0.38333333333333336,0.07936507936507936,0.8636363636363636,0.6363636363636364,0.11538461538461539,0.08064516129032258,0.11864406779661017,0.015625,0.3582089552238806,0.36507936507936506,0.6271186440677966,0.49206349206349204,0.3728813559322034,0.43636363636363634,0.4107142857142857,0.2413793103448276,0.1774193548387097,0.4642857142857143,0.48484848484848486,0.0,0.4461538461538462,0.5,0.47692307692307695,0.08333333333333333,0.4915254237288136,0.5454545454545454,0.48333333333333334,0.8615384615384616,0.11764705882352941,0.016666666666666666,0.3968253968253968,0.4307692307692308,0.031746031746031744,0.037037037037037035,0.4482758620689655,0.14285714285714285,0.4067796610169492,0.5245901639344263,0.046875,0.19117647058823528,0.26229508196721313,0.4262295081967213,0.603448275862069,0.5333333333333333,0.423728813559322,0.3114754098360656,0.4444444444444444,0.06779661016949153,0.3870967741935484,0.1935483870967742,0.40625,0.47368421052631576,0.016129032258064516,0.22388059701492538,0.19672131147540983,0.031746031746031744,0.5625,0.45161290322580644,0.6,0.07575757575757576,1.0,0.8135593220338984,0.3492063492063492,0.015873015873015872,0.59375,0.6764705882352942,0.09375,0.5344827586206896,0.03278688524590164,0.5614035087719298,0.42857142857142855,0.6785714285714286,0.05,0.8548387096774194,0.11475409836065574,0.5172413793103449,0.5245901639344263,0.140625,0.06896551724137931,0.25806451612903225,0.06451612903225806,0.49206349206349204,0.42105263157894735,0.515625,0.06779661016949153,0.015873015873015872,0.3333333333333333,0.35384615384615387,0.0,0.5614035087719298,0.4166666666666667,0.12121212121212122,0.12727272727272726,0.06060606060606061,0.015625,0.5671641791044776,0.36507936507936506,0.06779661016949153,0.8225806451612904,0.13114754098360656,0.6166666666666667,0.532258064516129,0.04477611940298507,0.16393442622950818,0.45161290322580644
TCGA-27-2519,0.3333333333333333,0.15625,0.5714285714285714,0.5,0.3548387096774194,0.2898550724637681,0.6229508196721312,0.14516129032258066,0.2835820895522388,0.4461538461538462,0.0,0.3442622950819672,0.8955223880597015,0.3050847457627119,0.6557377049180327,0.8253968253968254,0.15625,0.15,0.3492063492063492,0.296875,0.01639344262295082,0.43548387096774194,0.3225806451612903,0.06896551724137931,0.3559322033898305,0.0,0.16129032258064516,0.1111111111111111,0.10344827586206896,0.015873015873015872,0.34375,0.3333333333333333,0.36923076923076925,0.03571428571428571,0.3559322033898305,0.49206349206349204,0.014925373134328358,0.46551724137931033,0.014925373134328358,0.015384615384615385,0.06896551724137931,0.015873015873015872,0.42424242424242425,0.41379310344827586,0.6119402985074627,0.6551724137931034,0.09375,0.8656716417910447,0.532258064516129,0.1320754716981132,0.0,0.06779661016949153,0.0,0.5294117647058824,0.6086956521739131,0.43548387096774194,0.26229508196721313,0.5333333333333333,0.30357142857142855,0.32142857142857145,0.06896551724137931,0.2,0.5161290322580645,0.40298507462686567,0.0,0.36065573770491804,0.3225806451612903,0.417910447761194,0.0,0.32786885245901637,0.5833333333333334,0.30158730158730157,0.609375,0.07246376811594203,0.09836065573770492,0.5245901639344263,0.5,0.015151515151515152,0.11864406779661017,0.2982456140350877,0.015384615384615385,0.2857142857142857,0.6206896551724138,0.0,0.21428571428571427,0.36923076923076925,0.2786885245901639,0.39622641509433965,0.3333333333333333,0.484375,0.22058823529411764,0.4461538461538462,0.05172413793103448,0.5454545454545454,0.19672131147540983,0.6363636363636364,0.3114754098360656,0.0,0.36507936507936506,0.034482758620689655,0.11290322580645161,0.34375,0.36507936507936506,0.453125,0.029850746268656716,0.8135593220338984,1.0,0.6153846153846154,0.0,0.6935483870967742,0.6119402985074627,0.031746031746031744,0.35,0.14754098360655737,0.32075471698113206,0.639344262295082,0.5344827586206896,0.046153846153846156,0.7540983606557377,0.03278688524590164,0.2909090909090909,0.35,0.06153846153846154,0.0,0.42857142857142855,0.15873015873015872,0.2727272727272727,0.2807017543859649,0.49230769230769234,0.06896551724137931,0.0,0.3220338983050847,0.5303030303030303,0.0,0.5789473684210527,0.24193548387096775,0.07936507936507936,0.03636363636363636,0.06349206349206349,0.014925373134328358,0.6923076923076923,0.34328358208955223,0.016666666666666666,0.9545454545454546,0.03125,0.4153846153846154,0.3,0.15384615384615385,0.031746031746031744,0.2857142857142857
TCGA-27-2521,0.7058823529411765,0.15942028985507245,0.9868421052631579,0.746268656716418,0.5882352941176471,0.581081081081081,1.0,0.2,0.647887323943662,0.8194444444444444,0.0,0.5522388059701493,0.49295774647887325,0.6,0.9090909090909091,0.3787878787878788,0.19718309859154928,0.2878787878787879,0.47058823529411764,0.6617647058823529,0.057971014492753624,0.6764705882352942,0.5970149253731343,0.22388059701492538,0.6617647058823529,0.09230769230769231,0.15384615384615385,0.16666666666666666,0.25396825396825395,0.10294117647058823,0.5,0.515625,0.6470588235294118,0.03333333333333333,0.5303030303030303,0.7714285714285715,0.0684931506849315,0.16923076923076924,0.03896103896103896,0.1323529411764706,0.2153846153846154,0.10606060606060606,0.39705882352941174,0.7846153846153846,0.958904109589041,1.0,0.2463768115942029,0.4931506849315068,0.5882352941176471,0.1896551724137931,0.10144927536231885,0.18181818181818182,0.014285714285714285,0.8873239436619719,0.9863013698630136,0.5074626865671642,0.5416666666666666,0.7538461538461538,0.6666666666666666,0.6935483870967742,0.20967741935483872,0.17142857142857143,0.6984126984126984,0.7066666666666667,0.0,0.6956521739130435,0.5882352941176471,0.2602739726027397,0.10144927536231885,0.6176470588235294,0.6031746031746031,0.5428571428571428,0.36764705882352944,0.2328767123287671,0.18181818181818182,0.9552238805970149,0.21428571428571427,0.11940298507462686,0.23809523809523808,0.6229508196721312,0.043478260869565216,0.5217391304347826,0.7846153846153846,0.041666666666666664,0.20253164556962025,0.6176470588235294,0.5970149253731343,0.4918032786885246,0.5571428571428572,0.7692307692307693,0.4788732394366197,0.7794117647058824,0.14516129032258066,0.9420289855072463,0.2727272727272727,0.9452054794520548,0.6349206349206349,0.0,0.6111111111111112,0.17647058823529413,0.21212121212121213,0.5571428571428572,0.6527777777777778,0.5555555555555556,0.17142857142857143,0.3492063492063492,0.6153846153846154,1.0,0.014285714285714285,0.7,0.5974025974025974,0.15151515151515152,0.5538461538461539,0.17142857142857143,0.559322033898305,0.8656716417910447,0.5806451612903226,0.17647058823529413,0.463768115942029,0.05970149253731343,0.59375,0.6231884057971014,0.013888888888888888,0.0,0.7534246575342466,0.12857142857142856,0.6197183098591549,0.6379310344827587,0.2608695652173913,0.14285714285714285,0.056338028169014086,0.7142857142857143,0.7746478873239436,0.0,0.5666666666666667,0.6268656716417911,0.0684931506849315,0.12698412698412698,0.07352941176470588,0.0273972602739726,0.782608695652174,0.3333333333333333,0.10144927536231885,0.5633802816901409,0.058823529411764705,0.4492753623188406,0.6153846153846154,0.34285714285714286,0.014925373134328358,0.6056338028169014
TCGA-27-2523,0.07142857142857142,0.5070422535211268,0.012987012987012988,0.030303030303030304,0.015384615384615385,0.0958904109589041,0.014925373134328358,0.5151515151515151,0.06944444444444445,0.056338028169014086,0.4032258064516129,0.07352941176470588,0.014084507042253521,0.07575757575757576,0.014925373134328358,0.014492753623188406,0.5070422535211268,0.42028985507246375,0.046153846153846156,0.045454545454545456,0.2,0.014925373134328358,0.058823529411764705,0.04411764705882353,0.07352941176470588,0.5970149253731343,0.5151515151515151,0.5652173913043478,0.36065573770491804,0.5757575757575758,0.04477611940298507,0.0967741935483871,0.057971014492753624,0.5689655172413793,0.06451612903225806,0.028169014084507043,0.2638888888888889,0.328125,0.5616438356164384,0.5428571428571428,0.0,0.5522388059701493,0.17391304347826086,0.0,0.0136986301369863,0.015151515151515152,0.0,0.028169014084507043,0.057971014492753624,0.03278688524590164,0.6197183098591549,0.045454545454545456,0.4084507042253521,0.027777777777777776,0.014084507042253521,0.045454545454545456,0.07352941176470588,0.19117647058823528,0.078125,0.06153846153846154,0.45161290322580644,0.4,0.014925373134328358,0.06756756756756757,0.7058823529411765,0.07246376811594203,0.057971014492753624,0.028169014084507043,0.6363636363636364,0.04477611940298507,0.031746031746031744,0.08955223880597014,0.058823529411764705,0.323943661971831,0.3880597014925373,0.014285714285714285,0.2676056338028169,0.6,0.53125,0.03225806451612903,0.5714285714285714,0.029411764705882353,0.015625,0.5945945945945946,0.4473684210526316,0.19117647058823528,0.04411764705882353,0.03389830508474576,0.058823529411764705,0.0,0.07142857142857142,0.029850746268656716,0.5423728813559322,0.04225352112676056,0.48484848484848486,0.013888888888888888,0.05970149253731343,0.30303030303030304,0.013888888888888888,0.46153846153846156,0.47058823529411764,0.06944444444444445,0.08571428571428572,0.05555555555555555,0.4383561643835616,0.015873015873015872,0.0,0.014285714285714285,1.0,0.029411764705882353,0.0410958904109589,0.44285714285714284,0.06060606060606061,0.5238095238095238,0.04918032786885246,0.0,0.03125,0.42857142857142855,0.015384615384615385,0.5588235294117647,0.04838709677419355,0.045454545454545456,0.6086956521739131,0.609375,0.013888888888888888,0.4714285714285714,0.09859154929577464,0.09836065573770492,0.3283582089552239,0.5384615384615384,0.37142857142857144,0.06153846153846154,0.136986301369863,0.6716417910447762,0.09230769230769231,0.09523809523809523,0.6027397260273972,0.421875,0.5211267605633803,0.3188405797101449,0.014492753623188406,0.3472222222222222,0.453125,0.013888888888888888,0.5285714285714286,0.07246376811594203,0.07246376811594203,0.02702702702702703,0.5588235294117647,0.07042253521126761
TCGA-27-2524,0.6176470588235294,0.21739130434782608,0.7297297297297297,0.7272727272727273,0.5692307692307692,0.5972222222222222,0.7222222222222222,0.1791044776119403,0.6142857142857143,0.6338028169014085,0.0,0.5882352941176471,0.6805555555555556,0.609375,0.7936507936507936,0.6268656716417911,0.17647058823529413,0.13636363636363635,0.6818181818181818,0.5454545454545454,0.046875,0.7,0.6031746031746031,0.23076923076923078,0.609375,0.045454545454545456,0.208955223880597,0.09230769230769231,0.24193548387096775,0.05970149253731343,0.6029411764705882,0.6779661016949152,0.6515151515151515,0.15254237288135594,0.5806451612903226,0.7121212121212122,0.04225352112676056,0.24242424242424243,0.05405405405405406,0.1044776119402985,0.14754098360655737,0.05970149253731343,0.7076923076923077,0.5846153846153846,0.7361111111111112,0.7230769230769231,0.23880597014925373,0.5774647887323944,0.8939393939393939,0.3,0.09090909090909091,0.23076923076923078,0.015151515151515152,0.6428571428571429,0.7605633802816901,0.6615384615384615,0.6119402985074627,0.578125,0.6333333333333333,0.5737704918032787,0.23809523809523808,0.21212121212121213,0.6507936507936508,0.6714285714285714,0.0,0.6111111111111112,0.6212121212121212,0.22535211267605634,0.07936507936507936,0.6307692307692307,0.9322033898305084,0.6515151515151515,0.5,0.19444444444444445,0.07462686567164178,0.7164179104477612,0.2318840579710145,0.06153846153846154,0.15,0.5172413793103449,0.06060606060606061,0.46875,0.8225806451612904,0.07042253521126761,0.11842105263157894,0.4090909090909091,0.6212121212121212,0.5901639344262295,0.625,0.6875,0.4782608695652174,0.6666666666666666,0.08064516129032258,0.6617647058823529,0.3384615384615385,0.7391304347826086,0.640625,0.015384615384615385,0.4782608695652174,0.13846153846153847,0.18181818181818182,0.6119402985074627,0.6231884057971014,0.8405797101449275,0.08571428571428572,0.59375,0.6935483870967742,0.7,0.029411764705882353,1.0,0.9014084507042254,0.09230769230769231,0.6515151515151515,0.19402985074626866,0.603448275862069,0.8235294117647058,0.75,0.1746031746031746,0.5774647887323944,0.030303030303030304,0.6129032258064516,0.6716417910447762,0.057971014492753624,0.0,0.5362318840579711,0.20588235294117646,0.6571428571428571,0.639344262295082,0.2647058823529412,0.09090909090909091,0.029411764705882353,0.6031746031746031,0.5070422535211268,0.0,0.8923076923076924,0.532258064516129,0.14285714285714285,0.14754098360655737,0.11940298507462686,0.028169014084507043,0.9130434782608695,0.6,0.06349206349206349,0.7536231884057971,0.07575757575757576,0.734375,0.6307692307692307,0.23943661971830985,0.06153846153846154,0.6417910447761194
TCGA-27-2526,0.6438356164383562,0.17567567567567569,0.6582278481012658,0.7142857142857143,0.6029411764705882,0.6666666666666666,0.6056338028169014,0.16176470588235295,0.6712328767123288,0.6216216216216216,0.015151515151515152,0.6619718309859155,0.6933333333333334,0.6857142857142857,0.6911764705882353,0.7123287671232876,0.18309859154929578,0.14705882352941177,0.7352941176470589,0.5833333333333334,0.02857142857142857,0.6911764705882353,0.6571428571428571,0.20588235294117646,0.6323529411764706,0.13043478260869565,0.2,0.1,0.3384615384615385,0.136986301369863,0.6527777777777778,0.734375,0.6301369863013698,0.23809523809523808,0.6461538461538462,0.6388888888888888,0.02702702702702703,0.27941176470588236,0.10666666666666667,0.14666666666666667,0.1746031746031746,0.11764705882352941,0.782608695652174,0.5692307692307692,0.631578947368421,0.6349206349206349,0.1780821917808219,0.5675675675675675,0.92,0.1864406779661017,0.14084507042253522,0.208955223880597,0.0273972602739726,0.5921052631578947,0.6712328767123288,0.7205882352941176,0.6805555555555556,0.44776119402985076,0.6666666666666666,0.6153846153846154,0.27419354838709675,0.2602739726027397,0.6515151515151515,0.6753246753246753,0.0,0.6428571428571429,0.6714285714285714,0.1891891891891892,0.1267605633802817,0.676056338028169,0.8769230769230769,0.684931506849315,0.5416666666666666,0.25675675675675674,0.07142857142857142,0.6197183098591549,0.25675675675675674,0.11764705882352941,0.12307692307692308,0.546875,0.13513513513513514,0.49295774647887325,0.8059701492537313,0.10666666666666667,0.125,0.38571428571428573,0.6857142857142857,0.696969696969697,0.6571428571428571,0.6567164179104478,0.49333333333333335,0.6,0.08064516129032258,0.6027397260273972,0.3382352941176471,0.6575342465753424,0.7121212121212122,0.02857142857142857,0.4189189189189189,0.2112676056338028,0.17391304347826086,0.684931506849315,0.6351351351351351,0.863013698630137,0.13513513513513514,0.6764705882352942,0.6119402985074627,0.5974025974025974,0.0410958904109589,0.9014084507042254,1.0,0.14705882352941177,0.7352941176470589,0.15942028985507245,0.6557377049180327,0.7464788732394366,0.8115942028985508,0.16901408450704225,0.6086956521739131,0.10294117647058823,0.6615384615384615,0.6805555555555556,0.08,0.05970149253731343,0.4864864864864865,0.16901408450704225,0.6986301369863014,0.6721311475409836,0.2916666666666667,0.08695652173913043,0.04054054054054054,0.582089552238806,0.4594594594594595,0.0,0.8484848484848485,0.6142857142857143,0.1794871794871795,0.1875,0.16666666666666666,0.02702702702702703,0.875,0.56,0.08571428571428572,0.6578947368421053,0.1388888888888889,0.8285714285714286,0.6716417910447762,0.14864864864864866,0.14705882352941177,0.676056338028169
TCGA-27-2528,0.2647058823529412,0.0,0.17142857142857143,0.1746031746031746,0.16666666666666666,0.2753623188405797,0.109375,0.0,0.2714285714285714,0.20588235294117646,0.29310344827586204,0.27419354838709675,0.05970149253731343,0.2833333333333333,0.1,0.07692307692307693,0.0,0.8636363636363636,0.234375,0.23809523809523808,0.4603174603174603,0.234375,0.234375,0.0625,0.24193548387096775,0.015873015873015872,0.0,0.0,0.08771929824561403,0.01639344262295082,0.18032786885245902,0.25,0.16417910447761194,0.0,0.27419354838709675,0.20588235294117646,0.6268656716417911,0.6333333333333333,0.04285714285714286,0.03076923076923077,0.05172413793103448,0.015384615384615385,0.15873015873015872,0.21666666666666667,0.1323529411764706,0.1111111111111111,0.046153846153846156,0.057971014492753624,0.125,0.03571428571428571,0.015384615384615385,0.0625,0.0,0.16901408450704225,0.14925373134328357,0.2153846153846154,0.3230769230769231,0.09090909090909091,0.23333333333333334,0.21428571428571427,0.11666666666666667,0.8333333333333334,0.1935483870967742,0.2571428571428571,0.453125,0.208955223880597,0.27692307692307694,0.06060606060606061,0.03125,0.22580645161290322,0.15789473684210525,0.1935483870967742,0.15873015873015872,0.6666666666666666,0.0,0.203125,0.014925373134328358,0.0,0.0,0.25,0.04411764705882353,0.14285714285714285,0.1206896551724138,0.04411764705882353,0.0,0.14285714285714285,0.2857142857142857,0.2542372881355932,0.25396825396825395,0.14754098360655737,0.18181818181818182,0.1746031746031746,0.017543859649122806,0.14925373134328357,0.06666666666666667,0.13636363636363635,0.2222222222222222,0.5606060606060606,0.04477611940298507,0.08064516129032258,0.0,0.2727272727272727,0.21212121212121213,0.16923076923076924,0.9855072463768116,0.09375,0.031746031746031744,0.15151515151515152,0.44285714285714284,0.09230769230769231,0.14705882352941177,1.0,0.24615384615384617,0.0,0.2807017543859649,0.125,0.22413793103448276,0.03225806451612903,0.06451612903225806,0.046153846153846156,0.25862068965517243,0.2923076923076923,0.09090909090909091,0.8852459016393442,0.15151515151515152,0.015151515151515152,0.21875,0.22413793103448276,0.046875,0.0,0.07692307692307693,0.20967741935483872,0.11940298507462686,0.7666666666666667,0.11290322580645161,0.22580645161290322,0.029850746268656716,0.9152542372881356,0.803030303030303,0.0,0.09375,0.05970149253731343,0.9523809523809523,0.03076923076923077,0.045454545454545456,0.22580645161290322,0.22580645161290322,0.014492753623188406,0.045454545454545456,0.25757575757575757
TCGA-28-1747,0.8507462686567164,0.03076923076923077,0.6428571428571429,0.6984126984126984,0.8571428571428571,0.9571428571428572,0.5645161290322581,0.06349206349206349,0.8970588235294118,0.6923076923076923,0.01694915254237288,0.9682539682539683,0.4461538461538462,0.9666666666666667,0.5483870967741935,0.5,0.046875,0.14754098360655737,0.9538461538461539,0.8333333333333334,0.03225806451612903,0.8387096774193549,0.8870967741935484,0.3114754098360656,0.8709677419354839,0.1746031746031746,0.109375,0.07692307692307693,0.39655172413793105,0.16129032258064516,0.8253968253968254,0.9833333333333333,0.8461538461538461,0.17543859649122806,0.9824561403508771,0.7076923076923077,0.057971014492753624,0.11475409836065574,0.21428571428571427,0.203125,0.25,0.13114754098360656,0.65625,0.75,0.5857142857142857,0.5862068965517241,0.27692307692307694,0.4696969696969697,0.7384615384615385,0.21428571428571427,0.1935483870967742,0.2857142857142857,0.014925373134328358,0.6268656716417911,0.6470588235294118,0.8548387096774194,0.967741935483871,0.3870967741935484,0.896551724137931,0.8421052631578947,0.40350877192982454,0.1323529411764706,0.7868852459016393,0.8382352941176471,0.046875,0.8529411764705882,1.0,0.22727272727272727,0.18333333333333332,0.953125,0.6610169491525424,0.9090909090909091,0.6612903225806451,0.36764705882352944,0.09230769230769231,0.6349206349206349,0.08955223880597014,0.0967741935483871,0.05172413793103448,0.8620689655172413,0.234375,0.7301587301587301,0.6140350877192983,0.1791044776119403,0.05555555555555555,0.3968253968253968,0.9047619047619048,0.9830508474576272,0.9841269841269841,0.639344262295082,0.6923076923076923,0.7575757575757576,0.13114754098360656,0.6461538461538462,0.31666666666666665,0.5454545454545454,0.9152542372881356,0.03225806451612903,0.36363636363636365,0.36666666666666664,0.08196721311475409,0.9848484848484849,0.8412698412698413,0.8181818181818182,0.24615384615384617,0.5344827586206896,0.35,0.5538461538461539,0.06060606060606061,0.6515151515151515,0.7352941176470589,0.24615384615384617,1.0,0.06349206349206349,0.9622641509433962,0.5806451612903226,0.8392857142857143,0.16129032258064516,0.5483870967741935,0.21311475409836064,0.9491525423728814,0.9375,0.13846153846153847,0.13793103448275862,0.5454545454545454,0.07936507936507936,0.890625,0.896551724137931,0.16923076923076924,0.0967741935483871,0.06153846153846154,0.819672131147541,0.35714285714285715,0.05172413793103448,0.6190476190476191,0.8032786885245902,0.15151515151515152,0.2413793103448276,0.08955223880597014,0.014925373134328358,0.59375,0.45454545454545453,0.19047619047619047,0.3484848484848485,0.25806451612903225,0.8852459016393442,0.9166666666666666,0.19696969696969696,0.23076923076923078,0.9076923076923077
TCGA-28-1753,0.06451612903225806,0.96875,0.15714285714285714,0.18032786885245902,0.04838709677419355,0.08823529411764706,0.18461538461538463,0.9833333333333333,0.07575757575757576,0.16417910447761194,0.47540983606557374,0.04918032786885246,0.09230769230769231,0.08064516129032258,0.2,0.03125,0.953125,0.0,0.047619047619047616,0.06451612903225806,0.0,0.1774193548387097,0.13114754098360656,0.03225806451612903,0.1,0.8032786885245902,0.8833333333333333,0.9354838709677419,0.5964912280701754,0.8412698412698413,0.08196721311475409,0.10526315789473684,0.06451612903225806,0.8813559322033898,0.03571428571428571,0.1111111111111111,0.0,0.01694915254237288,0.8285714285714286,0.7419354838709677,0.0,0.847457627118644,0.2903225806451613,0.15254237288135594,0.16417910447761194,0.20689655172413793,0.0,0.07462686567164178,0.125,0.018518518518518517,0.8360655737704918,0.01694915254237288,0.5555555555555556,0.18461538461538463,0.16923076923076924,0.06557377049180328,0.06153846153846154,0.4166666666666667,0.0847457627118644,0.12280701754385964,0.6181818181818182,0.015873015873015872,0.11864406779661017,0.11764705882352941,0.5454545454545454,0.07692307692307693,0.08196721311475409,0.0,0.859375,0.07692307692307693,0.1724137931034483,0.08064516129032258,0.03125,0.014492753623188406,0.7419354838709677,0.14516129032258066,0.5735294117647058,0.8032786885245902,0.9298245614035088,0.05357142857142857,0.8095238095238095,0.06666666666666667,0.18032786885245902,0.8787878787878788,0.7246376811594203,0.47540983606557374,0.1076923076923077,0.07142857142857142,0.08064516129032258,0.13114754098360656,0.2,0.15625,0.864406779661017,0.12698412698412698,0.6935483870967742,0.21212121212121213,0.09090909090909091,0.0,0.1076923076923077,0.6774193548387096,0.9682539682539683,0.06349206349206349,0.09375,0.13636363636363635,0.0,0.03278688524590164,0.14754098360655737,0.17142857142857143,0.5238095238095238,0.19402985074626866,0.15942028985507245,0.0,0.06349206349206349,1.0,0.018867924528301886,0.1935483870967742,0.07272727272727272,0.7301587301587301,0.04838709677419355,0.8032786885245902,0.1,0.06349206349206349,0.746031746031746,0.12280701754385964,0.13432835820895522,0.8307692307692308,0.07692307692307693,0.11864406779661017,0.53125,0.8771929824561403,0.46875,0.09836065573770492,0.3333333333333333,0.2786885245901639,0.21428571428571427,0.08333333333333333,0.8769230769230769,0.0,0.12307692307692308,0.4307692307692308,0.15625,0.5230769230769231,0.0,0.16417910447761194,0.8305084745762712,0.08064516129032258,0.08620689655172414,0.029850746268656716,0.7741935483870968,0.0967741935483871
TCGA-28-2499,0.8852459016393442,0.015873015873015872,0.6307692307692307,0.6842105263157895,0.8596491228070176,0.9322033898305084,0.5614035087719298,0.01694915254237288,0.9365079365079365,0.7288135593220338,0.05555555555555555,0.9272727272727272,0.4838709677419355,0.9259259259259259,0.49122807017543857,0.5254237288135594,0.01694915254237288,0.16071428571428573,0.9322033898305084,0.9,0.034482758620689655,0.8360655737704918,0.8571428571428571,0.3508771929824561,0.9090909090909091,0.16363636363636364,0.03571428571428571,0.05172413793103448,0.3469387755102041,0.14035087719298245,0.7678571428571429,0.9259259259259259,0.8666666666666667,0.10416666666666667,1.0,0.711864406779661,0.08333333333333333,0.10909090909090909,0.11475409836065574,0.2631578947368421,0.32075471698113206,0.12280701754385964,0.6440677966101694,0.7547169811320755,0.5714285714285714,0.5740740740740741,0.2833333333333333,0.4603174603174603,0.7,0.3018867924528302,0.13114754098360656,0.3333333333333333,0.06666666666666667,0.6349206349206349,0.6065573770491803,0.8771929824561403,0.9642857142857143,0.38596491228070173,0.9259259259259259,0.8653846153846154,0.2692307692307692,0.11666666666666667,0.75,0.8225806451612904,0.01639344262295082,0.9137931034482759,0.95,0.4032258064516129,0.1509433962264151,0.9649122807017544,0.6666666666666666,0.9107142857142857,0.7543859649122807,0.3442622950819672,0.03636363636363636,0.6101694915254238,0.047619047619047616,0.07547169811320754,0.02,0.9038461538461539,0.14035087719298245,0.7142857142857143,0.6153846153846154,0.07936507936507936,0.046153846153846156,0.40350877192982454,0.8983050847457628,0.9423076923076923,0.9259259259259259,0.559322033898305,0.6379310344827587,0.7586206896551724,0.0784313725490196,0.5967741935483871,0.35185185185185186,0.5333333333333333,0.9122807017543859,0.06896551724137931,0.3508771929824561,0.3157894736842105,0.037037037037037035,0.9516129032258065,0.8688524590163934,0.7777777777777778,0.27419354838709675,0.5614035087719298,0.32075471698113206,0.559322033898305,0.04918032786885246,0.603448275862069,0.6557377049180327,0.2807017543859649,0.9622641509433962,0.018867924528301886,1.0,0.5,0.7647058823529411,0.10526315789473684,0.5517241379310345,0.14545454545454545,0.9285714285714286,0.9454545454545454,0.05263157894736842,0.1724137931034483,0.5396825396825397,0.0,0.9016393442622951,0.92,0.20634920634920634,0.07407407407407407,0.1016949152542373,0.8490566037735849,0.3709677419354839,0.03571428571428571,0.625,0.8392857142857143,0.11475409836065574,0.32075471698113206,0.11290322580645161,0.016666666666666666,0.5344827586206896,0.3157894736842105,0.23636363636363636,0.31666666666666665,0.12962962962962962,0.8620689655172413,0.9491525423728814,0.24193548387096775,0.16363636363636364,0.9322033898305084
TCGA-28-2509,0.6470588235294118,0.2,0.8714285714285714,0.7777777777777778,0.532258064516129,0.6029411764705882,0.8939393939393939,0.18461538461538463,0.6056338028169014,0.6956521739130435,0.0,0.578125,0.5223880597014925,0.6,0.9180327868852459,0.4492753623188406,0.1875,0.21875,0.5,0.6060606060606061,0.046153846153846156,0.671875,0.6153846153846154,0.23076923076923078,0.6229508196721312,0.08064516129032258,0.20634920634920634,0.1111111111111111,0.2833333333333333,0.08955223880597014,0.5538461538461539,0.5789473684210527,0.625,0.1016949152542373,0.5166666666666667,0.7272727272727273,0.05555555555555555,0.1935483870967742,0.05714285714285714,0.1111111111111111,0.1774193548387097,0.09523809523809523,0.5079365079365079,0.6721311475409836,0.8450704225352113,0.9206349206349206,0.23529411764705882,0.4411764705882353,0.7714285714285715,0.2033898305084746,0.1076923076923077,0.2033898305084746,0.0,0.8,0.8857142857142857,0.5079365079365079,0.5757575757575758,0.7049180327868853,0.6271186440677966,0.6333333333333333,0.19047619047619047,0.21875,0.734375,0.7222222222222222,0.0,0.6,0.5846153846153846,0.14285714285714285,0.11290322580645161,0.5555555555555556,0.7333333333333333,0.5714285714285714,0.26865671641791045,0.19117647058823528,0.10606060606060606,0.8615384615384616,0.21428571428571427,0.078125,0.16666666666666666,0.5517241379310345,0.07462686567164178,0.49230769230769234,0.9076923076923077,0.07575757575757576,0.19444444444444445,0.5737704918032787,0.609375,0.543859649122807,0.59375,0.803030303030303,0.4696969696969697,0.734375,0.11666666666666667,0.855072463768116,0.296875,0.9117647058823529,0.6666666666666666,0.031746031746031744,0.6153846153846154,0.19047619047619047,0.22727272727272727,0.5606060606060606,0.6119402985074627,0.7164179104477612,0.11594202898550725,0.42857142857142855,0.639344262295082,0.8656716417910447,0.0,0.8235294117647058,0.7464788732394366,0.125,0.5806451612903226,0.1935483870967742,0.5,1.0,0.6557377049180327,0.15151515151515152,0.484375,0.0625,0.6166666666666667,0.59375,0.04477611940298507,0.01694915254237288,0.6911764705882353,0.18181818181818182,0.6,0.6333333333333333,0.25,0.0967741935483871,0.015384615384615385,0.6065573770491803,0.6470588235294118,0.0,0.7419354838709677,0.5087719298245614,0.11764705882352941,0.13793103448275862,0.1044776119402985,0.015151515151515152,0.8985507246376812,0.4264705882352941,0.047619047619047616,0.6571428571428571,0.08823529411764706,0.6031746031746031,0.5846153846153846,0.3076923076923077,0.045454545454545456,0.6307692307692307
TCGA-28-2510,0.6984126984126984,0.09523809523809523,0.671875,0.7333333333333333,0.6206896551724138,0.746031746031746,0.6101694915254238,0.09090909090909091,0.6885245901639344,0.5873015873015873,0.0,0.7903225806451613,0.640625,0.8135593220338984,0.5862068965517241,0.6379310344827587,0.1016949152542373,0.17857142857142858,0.7931034482758621,0.671875,0.05084745762711865,0.7627118644067796,0.6666666666666666,0.21428571428571427,0.6842105263157895,0.10714285714285714,0.12280701754385964,0.05084745762711865,0.3090909090909091,0.08064516129032258,0.7627118644067796,0.7818181818181819,0.6984126984126984,0.1346153846153846,0.8113207547169812,0.6166666666666667,0.0625,0.2545454545454545,0.15873015873015872,0.109375,0.2037037037037037,0.1016949152542373,0.7241379310344828,0.7142857142857143,0.5846153846153846,0.6363636363636364,0.2033898305084746,0.5806451612903226,0.796875,0.17647058823529413,0.08620689655172414,0.21818181818181817,0.0,0.6153846153846154,0.6557377049180327,0.8070175438596491,0.819672131147541,0.44642857142857145,0.7142857142857143,0.6851851851851852,0.3508771929824561,0.1774193548387097,0.7457627118644068,0.696969696969697,0.034482758620689655,0.6610169491525424,0.7833333333333333,0.25396825396825395,0.11666666666666667,0.7368421052631579,0.6792452830188679,0.7377049180327869,0.6206896551724138,0.3064516129032258,0.016129032258064516,0.640625,0.27419354838709675,0.06779661016949153,0.09433962264150944,0.6666666666666666,0.19047619047619047,0.48333333333333334,0.6440677966101694,0.125,0.13432835820895522,0.43333333333333335,0.7142857142857143,0.8545454545454545,0.7966101694915254,0.6296296296296297,0.4666666666666667,0.7288135593220338,0.10204081632653061,0.625,0.2727272727272727,0.6349206349206349,0.711864406779661,0.05263157894736842,0.30158730158730157,0.25,0.08928571428571429,0.7758620689655172,0.6612903225806451,0.7377049180327869,0.21875,0.6785714285714286,0.5344827586206896,0.5806451612903226,0.03125,0.75,0.8115942028985508,0.22413793103448276,0.8392857142857143,0.07272727272727272,0.7647058823529411,0.6557377049180327,1.0,0.1,0.6610169491525424,0.15517241379310345,0.7735849056603774,0.7627118644067796,0.14516129032258066,0.08928571428571429,0.47619047619047616,0.109375,0.6935483870967742,0.7037037037037037,0.38333333333333336,0.05263157894736842,0.05172413793103448,0.5964912280701754,0.4375,0.03333333333333333,0.6851851851851852,0.625,0.15384615384615385,0.18,0.13114754098360656,0.0,0.7457627118644068,0.3709677419354839,0.18181818181818182,0.5714285714285714,0.19672131147540983,0.7966101694915254,0.7017543859649122,0.1111111111111111,0.22033898305084745,0.6896551724137931
TCGA-28-2513,0.15151515151515152,0.7272727272727273,0.15492957746478872,0.2222222222222222,0.21875,0.15714285714285714,0.15625,0.734375,0.17142857142857143,0.23880597014925373,0.42105263157894735,0.12903225806451613,0.02857142857142857,0.171875,0.15384615384615385,0.04477611940298507,0.7121212121212122,0.0,0.15384615384615385,0.1875,0.0,0.171875,0.16129032258064516,0.031746031746031744,0.18032786885245902,0.6984126984126984,0.6935483870967742,0.734375,0.5409836065573771,0.71875,0.26865671641791045,0.1935483870967742,0.22388059701492538,0.7666666666666667,0.11475409836065574,0.15151515151515152,0.0,0.0,0.7246376811594203,0.6417910447761194,0.0,0.7377049180327869,0.22727272727272727,0.21311475409836064,0.14285714285714285,0.13793103448275862,0.028985507246376812,0.04477611940298507,0.140625,0.03571428571428571,0.746268656716418,0.03333333333333333,0.44776119402985076,0.22058823529411764,0.19117647058823528,0.171875,0.16666666666666666,0.31746031746031744,0.15873015873015872,0.22950819672131148,0.6607142857142857,0.015151515151515152,0.11864406779661017,0.20588235294117646,0.4375,0.15625,0.171875,0.057971014492753624,0.7384615384615385,0.18461538461538463,0.15517241379310345,0.18181818181818182,0.058823529411764705,0.23529411764705882,0.8923076923076924,0.18181818181818182,0.4117647058823529,0.746268656716418,0.7213114754098361,0.16393442622950818,0.703125,0.3382352941176471,0.15873015873015872,0.7222222222222222,0.6164383561643836,0.45588235294117646,0.16923076923076924,0.13559322033898305,0.15384615384615385,0.24242424242424243,0.5076923076923077,0.15151515151515152,0.6833333333333333,0.13636363636363635,0.6290322580645161,0.11764705882352941,0.19672131147540983,0.0,0.12121212121212122,0.532258064516129,0.7692307692307693,0.15151515151515152,0.21212121212121213,0.14705882352941177,0.028985507246376812,0.05,0.046153846153846156,0.17647058823529413,0.42857142857142855,0.1746031746031746,0.16901408450704225,0.03225806451612903,0.16129032258064516,0.7301587301587301,0.10526315789473684,0.15151515151515152,0.1,1.0,0.0625,0.6923076923076923,0.19672131147540983,0.203125,0.6417910447761194,0.08620689655172414,0.352112676056338,0.796875,0.208955223880597,0.19672131147540983,0.3787878787878788,0.6833333333333333,0.45454545454545453,0.18333333333333332,0.3283582089552239,0.1774193548387097,0.23333333333333334,0.20967741935483872,0.6521739130434783,0.03333333333333333,0.10294117647058823,0.37681159420289856,0.13432835820895522,0.4057971014492754,0.03125,0.07246376811594203,0.671875,0.13636363636363635,0.15873015873015872,0.04285714285714286,0.6666666666666666,0.16923076923076924
TCGA-28-2514,0.6363636363636364,0.08955223880597014,0.4657534246575342,0.46153846153846156,0.5,0.5285714285714286,0.4852941176470588,0.07575757575757576,0.582089552238806,0.5606060606060606,0.0,0.5303030303030303,0.8648648648648649,0.5238095238095238,0.41935483870967744,0.84375,0.05970149253731343,0.046875,0.5625,0.59375,0.015873015873015872,0.45454545454545453,0.5625,0.19402985074626866,0.5737704918032787,0.09836065573770492,0.046875,0.07575757575757576,0.26666666666666666,0.09230769230769231,0.49230769230769234,0.5423728813559322,0.5942028985507246,0.05172413793103448,0.5573770491803278,0.46153846153846156,0.028985507246376812,0.3387096774193548,0.04225352112676056,0.14925373134328357,0.140625,0.06557377049180328,0.47761194029850745,0.421875,0.45714285714285713,0.47540983606557374,0.08823529411764706,0.8142857142857143,0.5606060606060606,0.16363636363636364,0.109375,0.18333333333333332,0.014925373134328358,0.43478260869565216,0.4411764705882353,0.5714285714285714,0.5151515151515151,0.4098360655737705,0.5964912280701754,0.5645161290322581,0.14516129032258066,0.09375,0.4,0.5142857142857142,0.015625,0.6268656716417911,0.5230769230769231,0.4626865671641791,0.0967741935483871,0.5873015873015873,0.543859649122807,0.5606060606060606,0.8461538461538461,0.1232876712328767,0.03125,0.42424242424242425,0.4411764705882353,0.078125,0.08196721311475409,0.5932203389830508,0.046153846153846156,0.3582089552238806,0.45,0.07142857142857142,0.26666666666666666,0.31343283582089554,0.546875,0.5689655172413793,0.546875,0.4426229508196721,0.4,0.5538461538461539,0.08333333333333333,0.4925373134328358,0.19047619047619047,0.4696969696969697,0.5806451612903226,0.03125,0.2028985507246377,0.15625,0.07575757575757576,0.5735294117647058,0.5692307692307692,0.5362318840579711,0.08571428571428572,0.8548387096774194,0.7540983606557377,0.463768115942029,0.015384615384615385,0.5774647887323944,0.6086956521739131,0.06451612903225806,0.5483870967741935,0.04838709677419355,0.5517241379310345,0.484375,0.6610169491525424,0.0625,1.0,0.0625,0.5238095238095238,0.578125,0.07462686567164178,0.07936507936507936,0.34328358208955223,0.06060606060606061,0.5735294117647058,0.5178571428571429,0.40298507462686567,0.11290322580645161,0.028985507246376812,0.5172413793103449,0.43478260869565216,0.01639344262295082,0.5333333333333333,0.48333333333333334,0.04477611940298507,0.11475409836065574,0.05970149253731343,0.014492753623188406,0.5223880597014925,0.373134328358209,0.0967741935483871,0.8382352941176471,0.07692307692307693,0.5625,0.5483870967741935,0.07462686567164178,0.08064516129032258,0.5522388059701493
TCGA-28-5204,0.14705882352941177,0.8,0.0410958904109589,0.11864406779661017,0.16393442622950818,0.22388059701492538,0.06060606060606061,0.7936507936507936,0.18181818181818182,0.10144927536231885,0.49122807017543857,0.24193548387096775,0.057971014492753624,0.20689655172413793,0.06349206349206349,0.1111111111111111,0.8,0.015873015873015872,0.22388059701492538,0.1774193548387097,0.0,0.109375,0.23809523809523808,0.016129032258064516,0.18032786885245902,0.9365079365079365,0.7966101694915254,0.90625,0.6271186440677966,0.9682539682539683,0.16129032258064516,0.22033898305084745,0.16923076923076924,0.8727272727272727,0.22950819672131148,0.13636363636363635,0.0,0.015873015873015872,0.9852941176470589,0.8235294117647058,0.0,0.95,0.296875,0.13114754098360656,0.05714285714285714,0.04838709677419355,0.0,0.11940298507462686,0.1044776119402985,0.0,0.90625,0.015625,0.5735294117647058,0.07575757575757576,0.04477611940298507,0.20967741935483872,0.2,0.1746031746031746,0.16666666666666666,0.16666666666666666,0.8064516129032258,0.03076923076923077,0.1,0.15942028985507245,0.6153846153846154,0.14925373134328357,0.2153846153846154,0.04411764705882353,0.9230769230769231,0.16393442622950818,0.03571428571428571,0.19047619047619047,0.13432835820895522,0.07142857142857142,0.7230769230769231,0.0625,0.5373134328358209,0.8529411764705882,0.85,0.1694915254237288,0.9848484848484849,0.13636363636363635,0.08333333333333333,0.9558823529411765,0.684931506849315,0.36764705882352944,0.16393442622950818,0.2459016393442623,0.25396825396825395,0.015873015873015872,0.21212121212121213,0.07936507936507936,0.9464285714285714,0.06060606060606061,0.625,0.07692307692307693,0.16666666666666666,0.0,0.03076923076923077,0.8032786885245902,0.8181818181818182,0.26153846153846155,0.2153846153846154,0.15384615384615385,0.045454545454545456,0.11475409836065574,0.03278688524590164,0.05970149253731343,0.5588235294117647,0.030303030303030304,0.10294117647058823,0.046153846153846156,0.21311475409836064,0.8032786885245902,0.14545454545454545,0.0625,0.15517241379310345,0.6923076923076923,0.0625,1.0,0.22807017543859648,0.25396825396825395,0.8333333333333334,0.15254237288135594,0.08571428571428572,0.7313432835820896,0.17647058823529413,0.17543859649122806,0.47692307692307695,0.9152542372881356,0.5362318840579711,0.14754098360655737,0.17647058823529413,0.3225806451612903,0.13559322033898305,0.18333333333333332,0.9104477611940298,0.031746031746031744,0.09090909090909091,0.4696969696969697,0.03125,0.42424242424242425,0.04918032786885246,0.015384615384615385,0.9384615384615385,0.18181818181818182,0.15873015873015872,0.0,0.9696969696969697,0.16666666666666666
TCGA-28-5207,0.9354838709677419,0.04918032786885246,0.6470588235294118,0.7049180327868853,0.8909090909090909,0.984375,0.6031746031746031,0.08196721311475409,0.9393939393939394,0.7096774193548387,0.017241379310344827,0.9354838709677419,0.4375,0.9666666666666667,0.5614035087719298,0.47540983606557374,0.06557377049180328,0.16393442622950818,0.9344262295081968,0.9180327868852459,0.03389830508474576,0.8571428571428571,0.9333333333333333,0.375,0.9333333333333333,0.19642857142857142,0.08064516129032258,0.1016949152542373,0.47368421052631576,0.18333333333333332,0.7301587301587301,0.9074074074074074,0.8571428571428571,0.14285714285714285,0.9636363636363636,0.6666666666666666,0.07142857142857142,0.13793103448275862,0.21212121212121213,0.2786885245901639,0.3050847457627119,0.16071428571428573,0.5901639344262295,0.8103448275862069,0.6268656716417911,0.625,0.2923076923076923,0.4090909090909091,0.7580645161290323,0.21568627450980393,0.20967741935483872,0.3157894736842105,0.031746031746031744,0.6984126984126984,0.6349206349206349,0.7666666666666667,0.9344262295081968,0.45901639344262296,0.9454545454545454,0.9298245614035088,0.39285714285714285,0.1016949152542373,0.7142857142857143,0.8955223880597015,0.047619047619047616,0.9166666666666666,0.9516129032258065,0.3125,0.23636363636363636,0.9516129032258065,0.625,0.9344262295081968,0.6333333333333333,0.31343283582089554,0.1,0.6666666666666666,0.05970149253731343,0.15,0.08928571428571429,0.9285714285714286,0.23728813559322035,0.7,0.6551724137931034,0.19047619047619047,0.08571428571428572,0.48214285714285715,0.9354838709677419,0.9444444444444444,0.95,0.6271186440677966,0.6774193548387096,0.8225806451612904,0.15517241379310345,0.6557377049180327,0.3220338983050847,0.6065573770491803,0.9464285714285714,0.06779661016949153,0.390625,0.36507936507936506,0.11864406779661017,0.9402985074626866,0.8870967741935484,0.828125,0.26153846153846155,0.5172413793103449,0.2909090909090909,0.59375,0.04838709677419355,0.6129032258064516,0.6615384615384615,0.25862068965517243,0.9491525423728814,0.1,0.9285714285714286,0.6166666666666667,0.7735849056603774,0.19672131147540983,0.5238095238095238,0.22807017543859648,1.0,0.9672131147540983,0.1111111111111111,0.125,0.5151515151515151,0.06349206349206349,0.90625,0.9272727272727272,0.22727272727272727,0.12903225806451613,0.1111111111111111,0.8947368421052632,0.42857142857142855,0.046875,0.631578947368421,0.875,0.11764705882352941,0.23728813559322035,0.0967741935483871,0.031746031746031744,0.5483870967741935,0.4032258064516129,0.21666666666666667,0.34375,0.22950819672131148,0.8225806451612904,0.9491525423728814,0.25396825396825395,0.23214285714285715,0.9508196721311475
TCGA-28-5208,0.927536231884058,0.058823529411764705,0.6666666666666666,0.6666666666666666,0.8688524590163934,0.9420289855072463,0.6470588235294118,0.06666666666666667,0.9565217391304348,0.746268656716418,0.03278688524590164,0.9393939393939394,0.4925373134328358,0.96875,0.5333333333333333,0.5483870967741935,0.046153846153846156,0.1935483870967742,0.9090909090909091,0.921875,0.047619047619047616,0.8208955223880597,0.9180327868852459,0.27692307692307694,0.953125,0.21212121212121213,0.078125,0.109375,0.44642857142857145,0.23809523809523808,0.7014925373134329,0.8793103448275862,0.921875,0.15789473684210525,0.9333333333333333,0.796875,0.08955223880597014,0.09836065573770492,0.20588235294117646,0.3125,0.22413793103448276,0.2,0.625,0.7666666666666667,0.6716417910447762,0.631578947368421,0.24615384615384617,0.5076923076923077,0.703125,0.16071428571428573,0.23809523809523808,0.25806451612903225,0.015151515151515152,0.6865671641791045,0.6617647058823529,0.8412698412698413,0.9090909090909091,0.42857142857142855,0.9473684210526315,0.9491525423728814,0.41379310344827586,0.15151515151515152,0.6896551724137931,0.8591549295774648,0.03125,0.9411764705882353,0.9692307692307692,0.3142857142857143,0.2,0.9841269841269841,0.6440677966101694,0.9523809523809523,0.7258064516129032,0.3,0.125,0.7142857142857143,0.058823529411764705,0.1746031746031746,0.1016949152542373,0.9482758620689655,0.22727272727272727,0.6666666666666666,0.6379310344827587,0.1791044776119403,0.08333333333333333,0.46774193548387094,0.9384615384615385,0.9122807017543859,0.9206349206349206,0.55,0.7014925373134329,0.78125,0.1864406779661017,0.6818181818181818,0.4032258064516129,0.6363636363636364,0.9672131147540983,0.046875,0.34285714285714286,0.30158730158730157,0.09375,0.9701492537313433,0.9393939393939394,0.8059701492537313,0.2835820895522388,0.5245901639344263,0.35,0.6231884057971014,0.045454545454545456,0.6716417910447762,0.6805555555555556,0.2923076923076923,0.9375,0.06349206349206349,0.9454545454545454,0.59375,0.7627118644067796,0.203125,0.578125,0.25396825396825395,0.9672131147540983,1.0,0.08955223880597014,0.13793103448275862,0.5507246376811594,0.046875,0.9242424242424242,0.9298245614035088,0.18181818181818182,0.15873015873015872,0.07575757575757576,0.8983050847457628,0.40298507462686567,0.05,0.6774193548387096,0.8852459016393442,0.14285714285714285,0.26229508196721313,0.11940298507462686,0.014492753623188406,0.5846153846153846,0.4,0.24193548387096775,0.37681159420289856,0.1935483870967742,0.8125,0.984375,0.19696969696969696,0.21212121212121213,0.9516129032258065
TCGA-28-5209,0.027777777777777776,0.75,0.0136986301369863,0.12121212121212122,0.03125,0.09722222222222222,0.014925373134328358,0.78125,0.05714285714285714,0.029411764705882353,0.5084745762711864,0.11764705882352941,0.09722222222222222,0.109375,0.047619047619047616,0.14925373134328357,0.75,0.109375,0.1044776119402985,0.029411764705882353,0.014925373134328358,0.06060606060606061,0.09090909090909091,0.015625,0.04838709677419355,0.803030303030303,0.75,0.765625,0.47540983606557374,0.78125,0.10294117647058823,0.0967741935483871,0.04477611940298507,0.8333333333333334,0.1111111111111111,0.058823529411764705,0.0547945205479452,0.13432835820895522,0.8472222222222222,0.6805555555555556,0.0,0.8153846153846154,0.25757575757575757,0.08333333333333333,0.013888888888888888,0.0,0.0,0.1267605633802817,0.07462686567164178,0.0,0.7647058823529411,0.015625,0.5441176470588235,0.028169014084507043,0.014084507042253521,0.06451612903225806,0.12121212121212122,0.234375,0.04918032786885246,0.03225806451612903,0.7,0.09090909090909091,0.07936507936507936,0.07042253521126761,0.6470588235294118,0.058823529411764705,0.10606060606060606,0.057971014492753624,0.7903225806451613,0.06060606060606061,0.05,0.08571428571428572,0.13636363636363635,0.08333333333333333,0.6515151515151515,0.014925373134328358,0.6285714285714286,0.7424242424242424,0.7580645161290323,0.03389830508474576,0.8695652173913043,0.057971014492753624,0.04838709677419355,0.8285714285714286,0.7142857142857143,0.29850746268656714,0.045454545454545456,0.13559322033898305,0.11940298507462686,0.015625,0.11764705882352941,0.028985507246376812,0.7903225806451613,0.028985507246376812,0.5625,0.0,0.05084745762711865,0.06153846153846154,0.0,0.6923076923076923,0.7761194029850746,0.1044776119402985,0.04411764705882353,0.07142857142857142,0.1,0.140625,0.06153846153846154,0.013888888888888888,0.6086956521739131,0.057971014492753624,0.08,0.09090909090909091,0.13846153846153847,0.746031746031746,0.05263157894736842,0.04477611940298507,0.14516129032258066,0.6417910447761194,0.07462686567164178,0.8333333333333334,0.1111111111111111,0.08955223880597014,1.0,0.23809523809523808,0.014925373134328358,0.6764705882352942,0.05714285714285714,0.07017543859649122,0.5441176470588235,0.7704918032786885,0.45588235294117646,0.05,0.22857142857142856,0.34375,0.11290322580645161,0.04838709677419355,0.8309859154929577,0.09523809523809523,0.16417910447761194,0.4166666666666667,0.05555555555555555,0.4583333333333333,0.10606060606060606,0.08450704225352113,0.8333333333333334,0.12121212121212122,0.0625,0.0,0.8656716417910447,0.04477611940298507
TCGA-28-5213,0.140625,0.15625,0.015151515151515152,0.05,0.08333333333333333,0.13846153846153847,0.016666666666666666,0.15,0.14285714285714285,0.06451612903225806,0.375,0.15,0.030303030303030304,0.14285714285714285,0.0,0.06779661016949153,0.13114754098360656,0.7704918032786885,0.13793103448275862,0.12903225806451613,0.43333333333333335,0.11475409836065574,0.12698412698412698,0.05172413793103448,0.1016949152542373,0.1935483870967742,0.11864406779661017,0.16129032258064516,0.16071428571428573,0.16393442622950818,0.06779661016949153,0.16071428571428573,0.09836065573770492,0.1320754716981132,0.17857142857142858,0.09836065573770492,0.625,0.6206896551724138,0.125,0.1774193548387097,0.05263157894736842,0.16393442622950818,0.09375,0.07142857142857142,0.0,0.017241379310344827,0.03278688524590164,0.03076923076923077,0.04838709677419355,0.05357142857142857,0.1746031746031746,0.06451612903225806,0.12121212121212122,0.06060606060606061,0.0,0.12903225806451613,0.18333333333333332,0.08620689655172414,0.09259259259259259,0.08620689655172414,0.14285714285714285,0.7580645161290323,0.07017543859649122,0.14705882352941177,0.559322033898305,0.08333333333333333,0.12903225806451613,0.06349206349206349,0.14285714285714285,0.11864406779661017,0.07017543859649122,0.09523809523809523,0.13333333333333333,0.546875,0.11864406779661017,0.031746031746031744,0.04477611940298507,0.15517241379310345,0.1111111111111111,0.16071428571428573,0.15625,0.08196721311475409,0.017241379310344827,0.19047619047619047,0.09859154929577464,0.125,0.14516129032258066,0.16363636363636364,0.15517241379310345,0.05172413793103448,0.078125,0.08333333333333333,0.14814814814814814,0.015151515151515152,0.13559322033898305,0.016129032258064516,0.13559322033898305,0.59375,0.015873015873015872,0.1896551724137931,0.0847457627118644,0.15384615384615385,0.11290322580645161,0.04838709677419355,0.8970588235294118,0.06896551724137931,0.0,0.0,0.609375,0.0,0.05970149253731343,0.8852459016393442,0.13793103448275862,0.12280701754385964,0.1724137931034483,0.01694915254237288,0.08928571428571429,0.08620689655172414,0.07936507936507936,0.15254237288135594,0.125,0.13793103448275862,0.23809523809523808,1.0,0.04838709677419355,0.07936507936507936,0.109375,0.1111111111111111,0.11475409836065574,0.1694915254237288,0.171875,0.07272727272727272,0.08064516129032258,0.8275862068965517,0.05263157894736842,0.1016949152542373,0.18461538461538463,0.8545454545454545,0.7936507936507936,0.046153846153846156,0.01694915254237288,0.07936507936507936,0.8813559322033898,0.015384615384615385,0.1694915254237288,0.11666666666666667,0.13114754098360656,0.015151515151515152,0.16666666666666666,0.15151515151515152
TCGA-28-5215,0.5942028985507246,0.08571428571428572,0.7733333333333333,0.7205882352941176,0.5606060606060606,0.5138888888888888,0.7352941176470589,0.109375,0.5555555555555556,0.7222222222222222,0.0,0.5428571428571428,0.3561643835616438,0.5303030303030303,0.6376811594202898,0.30434782608695654,0.10144927536231885,0.10294117647058823,0.4788732394366197,0.6086956521739131,0.015151515151515152,0.5942028985507246,0.5151515151515151,0.16176470588235295,0.582089552238806,0.06060606060606061,0.15151515151515152,0.11267605633802817,0.20967741935483872,0.08571428571428572,0.7313432835820896,0.4918032786885246,0.6376811594202898,0.06779661016949153,0.4603174603174603,0.6571428571428571,0.0136986301369863,0.046875,0.06756756756756757,0.11428571428571428,0.12903225806451613,0.07936507936507936,0.31343283582089554,0.6212121212121212,0.7671232876712328,0.796875,0.16901408450704225,0.3424657534246575,0.5147058823529411,0.15,0.08695652173913043,0.13636363636363635,0.013888888888888888,0.7323943661971831,0.7428571428571429,0.5373134328358209,0.4714285714285714,0.5230769230769231,0.5692307692307692,0.609375,0.1875,0.08823529411764706,0.6031746031746031,0.6081081081081081,0.014285714285714285,0.5652173913043478,0.5362318840579711,0.22972972972972974,0.08823529411764706,0.5147058823529411,0.4918032786885246,0.5373134328358209,0.23880597014925373,0.4722222222222222,0.3230769230769231,0.7647058823529411,0.125,0.16417910447761194,0.16129032258064516,0.5806451612903226,0.07246376811594203,0.782608695652174,0.65625,0.06756756756756757,0.14473684210526316,0.5072463768115942,0.5294117647058824,0.5,0.5507246376811594,0.8461538461538461,0.7246376811594203,0.6617647058823529,0.11666666666666667,0.7183098591549296,0.26865671641791045,0.6956521739130435,0.5846153846153846,0.015151515151515152,0.5070422535211268,0.22727272727272727,0.15384615384615385,0.5,0.6,0.463768115942029,0.11267605633802817,0.25806451612903225,0.42857142857142855,0.7534246575342466,0.013888888888888888,0.5362318840579711,0.4864864864864865,0.15151515151515152,0.5454545454545454,0.13432835820895522,0.5396825396825397,0.6911764705882353,0.47619047619047616,0.352112676056338,0.34328358208955223,0.08571428571428572,0.5151515151515151,0.5507246376811594,0.014925373134328358,0.04838709677419355,1.0,0.24285714285714285,0.5138888888888888,0.5555555555555556,0.16666666666666666,0.109375,0.02857142857142857,0.5846153846153846,0.6164383561643836,0.015151515151515152,0.5079365079365079,0.5873015873015873,0.08,0.06153846153846154,0.028169014084507043,0.014285714285714285,0.6470588235294118,0.18309859154929578,0.1076923076923077,0.4027777777777778,0.08955223880597014,0.43478260869565216,0.5522388059701493,0.29577464788732394,0.04477611940298507,0.5633802816901409
TCGA-28-5216,0.058823529411764705,0.8405797101449275,0.125,0.13636363636363635,0.07575757575757576,0.07246376811594203,0.11594202898550725,0.84375,0.04285714285714286,0.11428571428571428,0.4067796610169492,0.045454545454545456,0.08333333333333333,0.07692307692307693,0.12307692307692308,0.043478260869565216,0.8656716417910447,0.0,0.07462686567164178,0.04477611940298507,0.0,0.13043478260869565,0.07575757575757576,0.014925373134328358,0.030303030303030304,0.6935483870967742,0.8888888888888888,0.8333333333333334,0.5,0.746268656716418,0.19402985074626866,0.1111111111111111,0.058823529411764705,0.7678571428571429,0.03225806451612903,0.07246376811594203,0.0,0.031746031746031744,0.7702702702702703,0.5970149253731343,0.0,0.7076923076923077,0.3188405797101449,0.125,0.1506849315068493,0.13636363636363635,0.014925373134328358,0.04225352112676056,0.15151515151515152,0.03389830508474576,0.7391304347826086,0.03125,0.5441176470588235,0.125,0.15942028985507245,0.06153846153846154,0.05970149253731343,0.28125,0.04838709677419355,0.05,0.6,0.030303030303030304,0.13636363636363635,0.06666666666666667,0.5,0.028985507246376812,0.07352941176470588,0.014084507042253521,0.7272727272727273,0.04285714285714286,0.1935483870967742,0.10606060606060606,0.015151515151515152,0.11267605633802817,0.7692307692307693,0.1044776119402985,0.5416666666666666,0.7230769230769231,0.8,0.017241379310344827,0.7246376811594203,0.18461538461538463,0.1875,0.7857142857142857,0.6266666666666667,0.3283582089552239,0.06153846153846154,0.06666666666666667,0.06349206349206349,0.234375,0.2878787878787879,0.08823529411764706,0.7966101694915254,0.08450704225352113,0.5573770491803278,0.11267605633802817,0.04918032786885246,0.0,0.11940298507462686,0.5454545454545454,0.8307692307692308,0.043478260869565216,0.05714285714285714,0.13043478260869565,0.0,0.06451612903225806,0.15873015873015872,0.12857142857142856,0.4714285714285714,0.20588235294117646,0.16901408450704225,0.015151515151515152,0.07936507936507936,0.8307692307692308,0.0,0.18181818181818182,0.109375,0.796875,0.06060606060606061,0.7313432835820896,0.06349206349206349,0.046875,0.6764705882352942,0.07936507936507936,0.24285714285714285,1.0,0.07042253521126761,0.06779661016949153,0.5285714285714286,0.7333333333333333,0.5,0.04918032786885246,0.29577464788732394,0.23529411764705882,0.22580645161290322,0.06666666666666667,0.7857142857142857,0.0,0.04411764705882353,0.391304347826087,0.18181818181818182,0.4411764705882353,0.01639344262295082,0.15942028985507245,0.7424242424242424,0.1323529411764706,0.03076923076923077,0.028169014084507043,0.7424242424242424,0.046153846153846156
TCGA-28-5218,0.9411764705882353,0.07246376811594203,0.6533333333333333,0.6818181818181818,0.8153846153846154,0.9436619718309859,0.6231884057971014,0.05970149253731343,0.9436619718309859,0.7681159420289855,0.03278688524590164,0.8805970149253731,0.4246575342465753,0.9230769230769231,0.6176470588235294,0.45588235294117646,0.04225352112676056,0.1791044776119403,0.8939393939393939,0.890625,0.03076923076923077,0.7575757575757576,0.8823529411764706,0.3181818181818182,0.9545454545454546,0.21875,0.07692307692307693,0.07692307692307693,0.47540983606557374,0.19402985074626866,0.6617647058823529,0.873015873015873,0.8823529411764706,0.17543859649122806,0.875,0.7101449275362319,0.05555555555555555,0.11475409836065574,0.16666666666666666,0.3188405797101449,0.25806451612903225,0.18461538461538463,0.5942028985507246,0.7076923076923077,0.6133333333333333,0.6166666666666667,0.2714285714285714,0.4166666666666667,0.7761194029850746,0.25862068965517243,0.2571428571428571,0.3188405797101449,0.057971014492753624,0.676056338028169,0.6666666666666666,0.7384615384615385,0.8955223880597015,0.40298507462686567,1.0,0.8888888888888888,0.3442622950819672,0.11594202898550725,0.625,0.8904109589041096,0.014705882352941176,0.9104477611940298,0.8985507246376812,0.3150684931506849,0.24615384615384617,0.9393939393939394,0.6229508196721312,0.9420289855072463,0.6470588235294118,0.273972602739726,0.07692307692307693,0.6865671641791045,0.056338028169014086,0.2028985507246377,0.0625,0.9016393442622951,0.19117647058823528,0.6119402985074627,0.6307692307692307,0.1917808219178082,0.15384615384615385,0.4492753623188406,0.921875,0.85,0.8805970149253731,0.6129032258064516,0.6527777777777778,0.8059701492537313,0.11475409836065574,0.6811594202898551,0.4153846153846154,0.6056338028169014,0.9538461538461539,0.046153846153846156,0.3582089552238806,0.3181818181818182,0.10606060606060606,0.9,0.9264705882352942,0.8333333333333334,0.2463768115942029,0.49206349206349204,0.2727272727272727,0.6197183098591549,0.09859154929577464,0.6571428571428571,0.6986301369863014,0.21875,0.890625,0.07692307692307693,0.9016393442622951,0.6,0.6935483870967742,0.208955223880597,0.5735294117647058,0.17647058823529413,0.90625,0.9242424242424242,0.05714285714285714,0.109375,0.5138888888888888,0.07042253521126761,1.0,0.95,0.16176470588235295,0.13432835820895522,0.1,0.890625,0.410958904109589,0.029850746268656716,0.65625,0.8888888888888888,0.12857142857142856,0.25806451612903225,0.11428571428571428,0.028169014084507043,0.6029411764705882,0.4714285714285714,0.19672131147540983,0.35714285714285715,0.17647058823529413,0.7857142857142857,0.9393939393939394,0.25,0.19117647058823528,0.9411764705882353
TCGA-28-5220,0.9333333333333333,0.09836065573770492,0.71875,0.7288135593220338,0.8392857142857143,0.9354838709677419,0.6610169491525424,0.10344827586206896,0.9682539682539683,0.7833333333333333,0.038461538461538464,0.8793103448275862,0.39344262295081966,0.9259259259259259,0.5964912280701754,0.3793103448275862,0.08333333333333333,0.1864406779661017,0.8596491228070176,0.9152542372881356,0.03571428571428571,0.8305084745762712,0.896551724137931,0.3770491803278688,0.9454545454545454,0.25,0.08620689655172414,0.10344827586206896,0.4642857142857143,0.23333333333333334,0.6721311475409836,0.8867924528301887,0.9333333333333333,0.17543859649122806,0.8846153846153846,0.7288135593220338,0.06153846153846154,0.12727272727272726,0.15873015873015872,0.3389830508474576,0.25925925925925924,0.22807017543859648,0.5932203389830508,0.7454545454545455,0.6666666666666666,0.6909090909090909,0.3103448275862069,0.38095238095238093,0.711864406779661,0.19642857142857142,0.3103448275862069,0.375,0.06779661016949153,0.6833333333333333,0.6949152542372882,0.7288135593220338,0.8983050847457628,0.46296296296296297,0.9636363636363636,0.9090909090909091,0.35185185185185186,0.11864406779661017,0.711864406779661,0.8571428571428571,0.01694915254237288,0.9482758620689655,0.9152542372881356,0.21311475409836064,0.288135593220339,1.0,0.6415094339622641,0.9,0.6129032258064516,0.3333333333333333,0.10344827586206896,0.7213114754098361,0.03225806451612903,0.22580645161290322,0.11538461538461539,0.9038461538461539,0.1864406779661017,0.6428571428571429,0.6727272727272727,0.1935483870967742,0.13846153846153847,0.43103448275862066,0.9661016949152542,0.8867924528301887,0.896551724137931,0.6481481481481481,0.6451612903225806,0.847457627118644,0.17307692307692307,0.7166666666666667,0.4107142857142857,0.6206896551724138,0.9824561403508771,0.03571428571428571,0.45,0.3620689655172414,0.15517241379310345,0.8983050847457628,0.9322033898305084,0.7758620689655172,0.25,0.42105263157894735,0.2807017543859649,0.6379310344827587,0.09836065573770492,0.639344262295082,0.6721311475409836,0.22413793103448276,0.896551724137931,0.11864406779661017,0.92,0.6333333333333333,0.7037037037037037,0.19672131147540983,0.5178571428571429,0.17543859649122806,0.9272727272727272,0.9298245614035088,0.07017543859649122,0.1111111111111111,0.5555555555555556,0.06779661016949153,0.95,1.0,0.18333333333333332,0.16363636363636364,0.06779661016949153,0.8771929824561403,0.4375,0.03389830508474576,0.6428571428571429,0.875,0.12307692307692308,0.26,0.06779661016949153,0.05,0.559322033898305,0.4375,0.20754716981132076,0.3387096774193548,0.17857142857142858,0.7758620689655172,1.0,0.2857142857142857,0.1724137931034483,0.9824561403508771
TCGA-32-1970,0.14925373134328357,0.5,0.26666666666666666,0.23529411764705882,0.12307692307692308,0.2112676056338028,0.25757575757575757,0.5671641791044776,0.15714285714285714,0.18840579710144928,0.296875,0.2153846153846154,0.4383561643835616,0.2,0.2857142857142857,0.4393939393939394,0.5606060606060606,0.047619047619047616,0.18840579710144928,0.1527777777777778,0.015873015873015872,0.2753623188405797,0.18461538461538463,0.06060606060606061,0.12698412698412698,0.47619047619047616,0.546875,0.49230769230769234,0.3898305084745763,0.45454545454545453,0.25,0.20634920634920634,0.17647058823529413,0.48333333333333334,0.1864406779661017,0.1791044776119403,0.027777777777777776,0.2153846153846154,0.5555555555555556,0.43478260869565216,0.06557377049180328,0.45901639344262296,0.34328358208955223,0.30158730158730157,0.273972602739726,0.2786885245901639,0.05970149253731343,0.4142857142857143,0.24242424242424243,0.05172413793103448,0.4857142857142857,0.06153846153846154,0.3188405797101449,0.2676056338028169,0.2676056338028169,0.234375,0.18840579710144928,0.4838709677419355,0.16393442622950818,0.12903225806451613,0.4426229508196721,0.0625,0.26229508196721313,0.2328767123287671,0.2714285714285714,0.17647058823529413,0.18571428571428572,0.2638888888888889,0.4444444444444444,0.14705882352941177,0.25,0.18181818181818182,0.39705882352941174,0.0958904109589041,0.42424242424242425,0.29411764705882354,0.5774647887323944,0.453125,0.5833333333333334,0.14285714285714285,0.5606060606060606,0.15384615384615385,0.25396825396825395,0.5070422535211268,0.6133333333333333,0.31343283582089554,0.18181818181818182,0.26229508196721313,0.19696969696969696,0.26153846153846155,0.15942028985507245,0.25757575757575757,0.5689655172413793,0.2,0.4603174603174603,0.30434782608695654,0.15873015873015872,0.015625,0.08571428571428572,0.4307692307692308,0.5230769230769231,0.18571428571428572,0.14084507042253522,0.2028985507246377,0.043478260869565216,0.515625,0.49230769230769234,0.2608695652173913,0.3283582089552239,0.2647058823529412,0.2916666666666667,0.046875,0.16923076923076924,0.53125,0.20634920634920634,0.25,0.38333333333333336,0.3787878787878788,0.40298507462686567,0.47692307692307695,0.22727272727272727,0.18181818181818182,0.5441176470588235,0.11475409836065574,0.16666666666666666,0.5285714285714286,0.16176470588235295,0.18333333333333332,1.0,0.5079365079365079,0.2898550724637681,0.08196721311475409,0.375,0.18181818181818182,0.27419354838709675,0.16923076923076924,0.547945205479452,0.03333333333333333,0.04285714285714286,0.17391304347826086,0.2571428571428571,0.42028985507246375,0.015873015873015872,0.4852941176470588,0.5625,0.203125,0.1774193548387097,0.057971014492753624,0.5692307692307692,0.13636363636363635
TCGA-32-1980,0.13846153846153847,0.8923076923076924,0.11764705882352941,0.09090909090909091,0.12280701754385964,0.12121212121212122,0.14285714285714285,0.9047619047619048,0.13636363636363635,0.125,0.4727272727272727,0.11864406779661017,0.109375,0.08196721311475409,0.14516129032258066,0.06451612903225806,0.8709677419354839,0.0,0.1,0.18333333333333332,0.0,0.05084745762711865,0.16129032258064516,0.06557377049180328,0.16393442622950818,0.9365079365079365,0.7878787878787878,0.95,0.631578947368421,0.9375,0.046875,0.11538461538461539,0.16923076923076924,0.8518518518518519,0.07142857142857142,0.14516129032258066,0.0,0.0,0.8787878787878788,0.8548387096774194,0.0,0.9649122807017544,0.14516129032258066,0.08620689655172414,0.15151515151515152,0.12280701754385964,0.0,0.12698412698412698,0.045454545454545456,0.018867924528301886,0.9354838709677419,0.04918032786885246,0.6451612903225806,0.08823529411764706,0.09375,0.15,0.09836065573770492,0.3442622950819672,0.14285714285714285,0.17543859649122806,0.6792452830188679,0.0,0.07017543859649122,0.13636363636363635,0.5625,0.16129032258064516,0.1111111111111111,0.06060606060606061,0.8947368421052632,0.15,0.08928571428571429,0.1016949152542373,0.109375,0.0,0.7301587301587301,0.13846153846153847,0.5384615384615384,0.8833333333333333,0.9322033898305084,0.15517241379310345,0.8709677419354839,0.03278688524590164,0.13793103448275862,0.9104477611940298,0.8142857142857143,0.4067796610169492,0.13114754098360656,0.09090909090909091,0.13793103448275862,0.06666666666666667,0.13432835820895522,0.1,0.9464285714285714,0.12698412698412698,0.6842105263157895,0.14516129032258066,0.14285714285714285,0.0,0.08196721311475409,0.6885245901639344,0.8833333333333333,0.1323529411764706,0.2,0.0967741935483871,0.015384615384615385,0.06779661016949153,0.06896551724137931,0.14285714285714285,0.5384615384615384,0.09090909090909091,0.08695652173913043,0.0,0.0967741935483871,0.8771929824561403,0.07407407407407407,0.0967741935483871,0.05263157894736842,0.6833333333333333,0.11290322580645161,0.9152542372881356,0.12903225806451613,0.15873015873015872,0.7704918032786885,0.1694915254237288,0.109375,0.7333333333333333,0.13432835820895522,0.16363636363636364,0.5079365079365079,1.0,0.49230769230769234,0.17543859649122806,0.27692307692307694,0.3,0.16393442622950818,0.13793103448275862,0.8769230769230769,0.03508771929824561,0.09523809523809523,0.48484848484848486,0.078125,0.4696969696969697,0.016666666666666666,0.09523809523809523,0.8484848484848485,0.06557377049180328,0.15517241379310345,0.03125,0.8524590163934426,0.1746031746031746
TCGA-32-1982,0.08823529411764706,0.5441176470588235,0.05263157894736842,0.04411764705882353,0.07462686567164178,0.12162162162162163,0.043478260869565216,0.5,0.08695652173913043,0.07142857142857142,0.3333333333333333,0.12121212121212122,0.0,0.09523809523809523,0.03076923076923077,0.029850746268656716,0.5285714285714286,0.078125,0.07575757575757576,0.08823529411764706,0.359375,0.06060606060606061,0.1044776119402985,0.43478260869565216,0.09859154929577464,0.49230769230769234,0.47058823529411764,0.5362318840579711,0.38333333333333336,0.5,0.04285714285714286,0.11290322580645161,0.057971014492753624,0.5344827586206896,0.09523809523809523,0.058823529411764705,0.3,0.047619047619047616,0.5342465753424658,0.44285714285714284,0.43548387096774194,0.5384615384615384,0.15942028985507245,0.078125,0.0547945205479452,0.06451612903225806,0.463768115942029,0.014285714285714285,0.04225352112676056,0.42105263157894735,0.5147058823529411,0.4,0.75,0.07246376811594203,0.05714285714285714,0.07575757575757576,0.1323529411764706,0.19696969696969696,0.09836065573770492,0.0625,0.5409836065573771,0.04411764705882353,0.06060606060606061,0.1095890410958904,0.3283582089552239,0.08823529411764706,0.11428571428571428,0.3,0.53125,0.09090909090909091,0.0625,0.07462686567164178,0.07462686567164178,0.041666666666666664,0.453125,0.04411764705882353,0.2676056338028169,0.4626865671641791,0.45161290322580644,0.109375,0.5652173913043478,0.04477611940298507,0.031746031746031744,0.5555555555555556,0.41025641025641024,0.22058823529411764,0.07692307692307693,0.08064516129032258,0.10606060606060606,0.016129032258064516,0.07352941176470588,0.07246376811594203,0.4838709677419355,0.04285714285714286,0.375,0.028985507246376812,0.07936507936507936,0.27941176470588236,0.26865671641791045,0.4090909090909091,0.45454545454545453,0.09722222222222222,0.08695652173913043,0.05555555555555555,0.1111111111111111,0.015873015873015872,0.0,0.056338028169014086,0.37142857142857144,0.029411764705882353,0.04054054054054054,0.07692307692307693,0.06153846153846154,0.46875,0.1016949152542373,0.015384615384615385,0.05172413793103448,0.45454545454545453,0.028985507246376812,0.5362318840579711,0.1111111111111111,0.07575757575757576,0.45588235294117646,0.171875,0.02857142857142857,0.5,0.1,0.06779661016949153,0.2898550724637681,0.49230769230769234,1.0,0.06060606060606061,0.2,0.2,0.0625,0.1076923076923077,0.5416666666666666,0.06153846153846154,0.08571428571428572,0.7058823529411765,0.043478260869565216,0.22857142857142856,0.06153846153846154,0.0,0.4782608695652174,0.07575757575757576,0.1044776119402985,0.4142857142857143,0.5303030303030303,0.09859154929577464
TCGA-32-2615,0.9354838709677419,0.09375,0.7205882352941176,0.711864406779661,0.8305084745762712,0.8787878787878788,0.7377049180327869,0.08064516129032258,0.9230769230769231,0.8769230769230769,0.0,0.8135593220338984,0.42857142857142855,0.8448275862068966,0.6440677966101694,0.36065573770491804,0.04838709677419355,0.1896551724137931,0.7868852459016393,0.9516129032258065,0.03333333333333333,0.7704918032786885,0.8833333333333333,0.3333333333333333,0.9122807017543859,0.18333333333333332,0.06666666666666667,0.13114754098360656,0.48148148148148145,0.1774193548387097,0.6,0.7857142857142857,0.873015873015873,0.1111111111111111,0.8214285714285714,0.6507936507936508,0.0625,0.1111111111111111,0.08955223880597014,0.35384615384615387,0.2962962962962963,0.15517241379310345,0.4603174603174603,0.7272727272727273,0.6818181818181818,0.7142857142857143,0.3387096774193548,0.4393939393939394,0.6,0.2641509433962264,0.22580645161290322,0.3275862068965517,0.06349206349206349,0.7424242424242424,0.7213114754098361,0.6666666666666666,0.8166666666666667,0.4745762711864407,0.9642857142857143,0.9821428571428571,0.2857142857142857,0.08064516129032258,0.6842105263157895,0.8333333333333334,0.016129032258064516,0.96875,0.8275862068965517,0.30303030303030304,0.19672131147540983,0.95,0.6206896551724138,0.8833333333333333,0.6031746031746031,0.2923076923076923,0.14754098360655737,0.7419354838709677,0.078125,0.19047619047619047,0.10909090909090909,0.9285714285714286,0.109375,0.6551724137931034,0.5892857142857143,0.13846153846153847,0.14925373134328357,0.4918032786885246,0.896551724137931,0.7586206896551724,0.8103448275862069,0.6,0.7213114754098361,0.8166666666666667,0.14285714285714285,0.746031746031746,0.31666666666666665,0.6666666666666666,0.9298245614035088,0.03508771929824561,0.4262295081967213,0.3,0.12903225806451613,0.8412698412698413,0.9253731343283582,0.6984126984126984,0.25,0.3333333333333333,0.3220338983050847,0.7142857142857143,0.06153846153846154,0.6031746031746031,0.582089552238806,0.20967741935483872,0.819672131147541,0.09836065573770492,0.8490566037735849,0.6065573770491803,0.5964912280701754,0.18333333333333332,0.5172413793103449,0.14754098360655737,0.8947368421052632,0.8983050847457628,0.05,0.07272727272727272,0.5846153846153846,0.04918032786885246,0.890625,0.8771929824561403,0.08196721311475409,0.17543859649122806,0.06060606060606061,1.0,0.4626865671641791,0.016666666666666666,0.5789473684210527,0.9137931034482759,0.05970149253731343,0.24561403508771928,0.078125,0.031746031746031744,0.5333333333333333,0.42857142857142855,0.16666666666666666,0.3548387096774194,0.13114754098360656,0.7096774193548387,0.9122807017543859,0.3492063492063492,0.11475409836065574,0.9375
TCGA-32-2616,0.4583333333333333,0.323943661971831,0.7721518987341772,0.6231884057971014,0.4057971014492754,0.3783783783783784,0.7536231884057971,0.4,0.43243243243243246,0.676056338028169,0.06060606060606061,0.34328358208955223,0.4507042253521127,0.391304347826087,0.6865671641791045,0.3188405797101449,0.34285714285714286,0.19696969696969696,0.352112676056338,0.45588235294117646,0.029411764705882353,0.5507246376811594,0.37681159420289856,0.16176470588235295,0.4393939393939394,0.2898550724637681,0.3484848484848485,0.3333333333333333,0.3492063492063492,0.23529411764705882,0.3880597014925373,0.3064516129032258,0.4714285714285714,0.2222222222222222,0.3384615384615385,0.6056338028169014,0.04,0.16666666666666666,0.20270270270270271,0.2638888888888889,0.13333333333333333,0.2878787878787879,0.29411764705882354,0.5538461538461539,0.7105263157894737,0.7878787878787878,0.15492957746478872,0.4594594594594595,0.4027777777777778,0.14516129032258066,0.24285714285714285,0.1,0.16901408450704225,0.7297297297297297,0.7361111111111112,0.3582089552238806,0.4142857142857143,0.7384615384615385,0.4444444444444444,0.43548387096774194,0.359375,0.0821917808219178,0.49230769230769234,0.5675675675675675,0.10144927536231885,0.49295774647887325,0.38235294117647056,0.25675675675675674,0.23880597014925373,0.43478260869565216,0.42857142857142855,0.37681159420289856,0.3055555555555556,0.18666666666666668,0.3142857142857143,0.7464788732394366,0.3150684931506849,0.2463768115942029,0.3870967741935484,0.46774193548387094,0.24285714285714285,0.37142857142857144,0.6129032258064516,0.21621621621621623,0.3974358974358974,0.6857142857142857,0.38235294117647056,0.3064516129032258,0.3582089552238806,0.6212121212121212,0.4084507042253521,0.5857142857142857,0.2711864406779661,0.6986301369863014,0.31343283582089554,0.6666666666666666,0.417910447761194,0.0,0.4444444444444444,0.24615384615384617,0.36923076923076925,0.3698630136986301,0.45714285714285713,0.35714285714285715,0.08333333333333333,0.35384615384615387,0.5303030303030303,0.7746478873239436,0.136986301369863,0.5070422535211268,0.4594594594594595,0.11940298507462686,0.35714285714285715,0.3333333333333333,0.3709677419354839,0.6470588235294118,0.4375,0.3283582089552239,0.43478260869565216,0.17647058823529413,0.42857142857142855,0.40298507462686567,0.22857142857142856,0.08064516129032258,0.6164383561643836,0.29577464788732394,0.410958904109589,0.4375,0.375,0.27692307692307694,0.2,0.4626865671641791,1.0,0.07352941176470588,0.36923076923076925,0.42424242424242425,0.22972972972972974,0.078125,0.04225352112676056,0.1643835616438356,0.5571428571428572,0.3424657534246575,0.07936507936507936,0.5138888888888888,0.18181818181818182,0.3333333333333333,0.417910447761194,0.2571428571428571,0.19117647058823528,0.4
TCGA-32-2632,0.03076923076923077,0.2923076923076923,0.0,0.016129032258064516,0.016129032258064516,0.045454545454545456,0.0,0.265625,0.030303030303030304,0.0,0.4482758620689655,0.045454545454545456,0.0,0.04918032786885246,0.0,0.0,0.265625,0.6923076923076923,0.04918032786885246,0.01639344262295082,0.4098360655737705,0.03225806451612903,0.03225806451612903,0.0,0.015625,0.3333333333333333,0.27419354838709675,0.36065573770491804,0.15254237288135594,0.34375,0.031746031746031744,0.034482758620689655,0.03076923076923077,0.2982456140350877,0.06666666666666667,0.015625,0.4507042253521127,0.5079365079365079,0.32857142857142857,0.3230769230769231,0.017543859649122806,0.3064516129032258,0.09523809523809523,0.017543859649122806,0.0,0.0,0.015384615384615385,0.0,0.014492753623188406,0.018518518518518517,0.34375,0.016666666666666666,0.19047619047619047,0.0,0.0,0.03225806451612903,0.046875,0.1,0.017241379310344827,0.0,0.2413793103448276,0.7230769230769231,0.03125,0.04225352112676056,0.7538461538461538,0.016129032258064516,0.02857142857142857,0.0,0.3389830508474576,0.015873015873015872,0.0,0.03076923076923077,0.03225806451612903,0.4852941176470588,0.19047619047619047,0.0,0.12857142857142856,0.28125,0.3050847457627119,0.037037037037037035,0.35384615384615387,0.03125,0.0,0.3484848484848485,0.2054794520547945,0.14754098360655737,0.016666666666666666,0.05454545454545454,0.06153846153846154,0.0,0.03125,0.0,0.3148148148148148,0.0,0.18333333333333332,0.0,0.03278688524590164,0.5245901639344263,0.0,0.23809523809523808,0.2857142857142857,0.04477611940298507,0.028985507246376812,0.015625,0.7101449275362319,0.0,0.0,0.0,0.6716417910447762,0.0,0.0,0.7666666666666667,0.05172413793103448,0.2786885245901639,0.03571428571428571,0.0,0.03333333333333333,0.1774193548387097,0.01639344262295082,0.3225806451612903,0.046875,0.05,0.34375,0.8275862068965517,0.015151515151515152,0.23529411764705882,0.029850746268656716,0.03389830508474576,0.18181818181818182,0.3,0.2,0.016666666666666666,0.07352941176470588,1.0,0.06349206349206349,0.01694915254237288,0.3582089552238806,0.6896551724137931,0.7777777777777778,0.18461538461538463,0.0,0.13432835820895522,0.7833333333333333,0.0,0.31746031746031744,0.046153846153846156,0.031746031746031744,0.0,0.3389830508474576,0.03125
TCGA-32-2634,0.6461538461538462,0.21212121212121213,0.6268656716417911,0.6271186440677966,0.559322033898305,0.671875,0.6101694915254238,0.21875,0.671875,0.5806451612903226,0.09090909090909091,0.6290322580645161,0.625,0.6,0.6949152542372882,0.5806451612903226,0.20967741935483872,0.11290322580645161,0.7377049180327869,0.6206896551724138,0.03333333333333333,0.6271186440677966,0.6724137931034483,0.24193548387096775,0.6333333333333333,0.18032786885245902,0.1864406779661017,0.13333333333333333,0.2857142857142857,0.21311475409836064,0.6190476190476191,0.7068965517241379,0.6666666666666666,0.25,0.6206896551724138,0.6612903225806451,0.046153846153846156,0.15254237288135594,0.13846153846153847,0.2222222222222222,0.125,0.16666666666666666,0.6721311475409836,0.5714285714285714,0.6417910447761194,0.6271186440677966,0.22950819672131148,0.4426229508196721,0.890625,0.3018867924528302,0.2459016393442623,0.26666666666666666,0.06451612903225806,0.53125,0.6417910447761194,0.65,0.6101694915254238,0.4576271186440678,0.6727272727272727,0.5862068965517241,0.21818181818181817,0.203125,0.6166666666666667,0.6825396825396826,0.06557377049180328,0.6349206349206349,0.6666666666666666,0.23076923076923078,0.21052631578947367,0.6666666666666666,0.8679245283018868,0.703125,0.4666666666666667,0.203125,0.11290322580645161,0.6140350877192983,0.19696969696969696,0.15,0.17857142857142858,0.5849056603773585,0.14516129032258066,0.5,0.8214285714285714,0.15384615384615385,0.12857142857142856,0.36666666666666664,0.6440677966101694,0.6111111111111112,0.6290322580645161,0.6101694915254238,0.5409836065573771,0.6557377049180327,0.19642857142857142,0.578125,0.45454545454545453,0.65625,0.7068965517241379,0.03278688524590164,0.45161290322580644,0.16666666666666666,0.23728813559322035,0.6190476190476191,0.6507936507936508,0.84375,0.109375,0.5614035087719298,0.5789473684210527,0.5666666666666667,0.09230769230769231,0.8923076923076924,0.8484848484848485,0.11290322580645161,0.6190476190476191,0.21428571428571427,0.625,0.7419354838709677,0.6851851851851852,0.23333333333333334,0.5333333333333333,0.13559322033898305,0.631578947368421,0.6774193548387096,0.11290322580645161,0.05263157894736842,0.5079365079365079,0.22580645161290322,0.65625,0.6428571428571429,0.27419354838709675,0.16393442622950818,0.0625,0.5789473684210527,0.36923076923076925,0.06349206349206349,1.0,0.6491228070175439,0.2222222222222222,0.13793103448275862,0.15873015873015872,0.06349206349206349,0.84375,0.5555555555555556,0.07017543859649122,0.6307692307692307,0.14754098360655737,0.7868852459016393,0.6610169491525424,0.18461538461538463,0.18032786885245902,0.6885245901639344
TCGA-32-2638,0.921875,0.06557377049180328,0.6714285714285714,0.7068965517241379,0.85,0.8676470588235294,0.6129032258064516,0.06349206349206349,0.9090909090909091,0.8412698412698413,0.03333333333333333,0.8135593220338984,0.42857142857142855,0.8793103448275862,0.5901639344262295,0.423728813559322,0.046875,0.15254237288135594,0.8305084745762712,0.8833333333333333,0.04918032786885246,0.7796610169491526,0.8412698412698413,0.36666666666666664,0.9016393442622951,0.22033898305084745,0.06451612903225806,0.06451612903225806,0.4642857142857143,0.2,0.6779661016949152,0.8,0.8360655737704918,0.16071428571428573,0.8305084745762712,0.65625,0.08955223880597014,0.05,0.13636363636363635,0.3548387096774194,0.34545454545454546,0.20634920634920634,0.5161290322580645,0.7368421052631579,0.6363636363636364,0.6071428571428571,0.38095238095238093,0.36363636363636365,0.6825396825396826,0.27450980392156865,0.25396825396825395,0.3442622950819672,0.09523809523809523,0.676923076923077,0.6363636363636364,0.7258064516129032,0.8064516129032258,0.42105263157894735,0.9491525423728814,0.9107142857142857,0.25,0.07692307692307693,0.6428571428571429,0.8153846153846154,0.0,0.9180327868852459,0.8769230769230769,0.3125,0.24193548387096775,0.9152542372881356,0.6491228070175439,0.9365079365079365,0.6153846153846154,0.3484848484848485,0.13333333333333333,0.6774193548387096,0.031746031746031744,0.26666666666666666,0.10526315789473684,0.9298245614035088,0.171875,0.7258064516129032,0.6101694915254238,0.14925373134328357,0.14285714285714285,0.4603174603174603,0.8709677419354839,0.8070175438596491,0.7833333333333333,0.6101694915254238,0.6617647058823529,0.8387096774193549,0.14285714285714285,0.6721311475409836,0.3559322033898305,0.609375,0.8983050847457628,0.04918032786885246,0.4393939393939394,0.35,0.1016949152542373,0.8181818181818182,0.9047619047619048,0.7272727272727273,0.23880597014925373,0.4166666666666667,0.24193548387096775,0.6268656716417911,0.09523809523809523,0.532258064516129,0.6142857142857143,0.22580645161290322,0.8032786885245902,0.08333333333333333,0.8392857142857143,0.5087719298245614,0.625,0.20967741935483872,0.48333333333333334,0.18333333333333332,0.875,0.8852459016393442,0.04838709677419355,0.1016949152542373,0.5873015873015873,0.06666666666666667,0.8888888888888888,0.875,0.16923076923076924,0.13793103448275862,0.1076923076923077,0.9137931034482759,0.42424242424242425,0.01694915254237288,0.6491228070175439,1.0,0.1323529411764706,0.21428571428571427,0.09230769230769231,0.047619047619047616,0.5079365079365079,0.3283582089552239,0.20634920634920634,0.3125,0.13559322033898305,0.7333333333333333,0.8852459016393442,0.3283582089552239,0.16666666666666666,0.8888888888888888
TCGA-32-4213,0.08450704225352113,0.875,0.07792207792207792,0.1323529411764706,0.1044776119402985,0.16216216216216217,0.07246376811594203,0.8656716417910447,0.1095890410958904,0.07042253521126761,0.532258064516129,0.15492957746478872,0.0958904109589041,0.13846153846153847,0.08955223880597014,0.12121212121212122,0.8823529411764706,0.014925373134328358,0.14285714285714285,0.1111111111111111,0.0,0.08450704225352113,0.19402985074626866,0.028985507246376812,0.12121212121212122,0.8787878787878788,0.8840579710144928,0.8695652173913043,0.5625,0.9142857142857143,0.16176470588235295,0.21666666666666667,0.12857142857142856,0.9523809523809523,0.16923076923076924,0.13043478260869565,0.0,0.046875,0.918918918918919,0.7605633802816901,0.0,0.9117647058823529,0.37142857142857144,0.10606060606060606,0.0945945945945946,0.07936507936507936,0.0,0.08108108108108109,0.16901408450704225,0.0,0.8571428571428571,0.015151515151515152,0.5633802816901409,0.05555555555555555,0.08450704225352113,0.16417910447761194,0.18055555555555555,0.3283582089552239,0.125,0.11290322580645161,0.7538461538461538,0.028985507246376812,0.078125,0.10666666666666667,0.5652173913043478,0.10144927536231885,0.16176470588235295,0.02666666666666667,0.8823529411764706,0.10606060606060606,0.15151515151515152,0.15492957746478872,0.11428571428571428,0.0410958904109589,0.6818181818181818,0.05555555555555555,0.5135135135135135,0.8,0.8571428571428571,0.1111111111111111,0.9264705882352942,0.07246376811594203,0.12121212121212122,0.9014084507042254,0.6666666666666666,0.37142857142857144,0.11428571428571428,0.1746031746031746,0.15492957746478872,0.06153846153846154,0.1917808219178082,0.08823529411764706,0.8688524590163934,0.04225352112676056,0.6911764705882353,0.11428571428571428,0.14285714285714285,0.0,0.05405405405405406,0.6911764705882353,0.8656716417910447,0.1780821917808219,0.1388888888888889,0.18571428571428572,0.027777777777777776,0.12121212121212122,0.07936507936507936,0.0684931506849315,0.6027397260273972,0.14285714285714285,0.1794871794871795,0.029850746268656716,0.15151515151515152,0.8769230769230769,0.11475409836065574,0.11764705882352941,0.15384615384615385,0.6521739130434783,0.04477611940298507,0.9104477611940298,0.11764705882352941,0.14285714285714285,0.8309859154929577,0.18461538461538463,0.08,0.7857142857142857,0.12857142857142856,0.12307692307692308,0.547945205479452,0.8769230769230769,0.5416666666666666,0.05970149253731343,0.22972972972972974,0.3582089552238806,0.2222222222222222,0.1323529411764706,1.0,0.015873015873015872,0.1267605633802817,0.4507042253521127,0.12857142857142856,0.527027027027027,0.015384615384615385,0.0958904109589041,0.8939393939393939,0.2,0.12121212121212122,0.0,0.9242424242424242,0.125
TCGA-32-5222,0.22950819672131148,0.016666666666666666,0.13043478260869565,0.15517241379310345,0.20689655172413793,0.25757575757575757,0.15873015873015872,0.0,0.27419354838709675,0.140625,0.38181818181818183,0.22807017543859648,0.12903225806451613,0.25806451612903225,0.11864406779661017,0.15,0.0,0.8571428571428571,0.22950819672131148,0.22950819672131148,0.423728813559322,0.2413793103448276,0.2413793103448276,0.08196721311475409,0.2459016393442623,0.047619047619047616,0.0,0.015873015873015872,0.09090909090909091,0.05084745762711865,0.1016949152542373,0.2830188679245283,0.2,0.0196078431372549,0.2807017543859649,0.19672131147540983,0.6,0.6101694915254238,0.030303030303030304,0.09836065573770492,0.1111111111111111,0.03636363636363636,0.1774193548387097,0.1724137931034483,0.140625,0.07017543859649122,0.12121212121212122,0.09523809523809523,0.16393442622950818,0.11764705882352941,0.05,0.05172413793103448,0.015873015873015872,0.125,0.12121212121212122,0.2542372881355932,0.2903225806451613,0.05084745762711865,0.20754716981132076,0.23333333333333334,0.05555555555555555,0.864406779661017,0.23636363636363636,0.234375,0.3728813559322034,0.20634920634920634,0.25,0.06153846153846154,0.03333333333333333,0.2711864406779661,0.24074074074074073,0.18333333333333332,0.21666666666666667,0.5970149253731343,0.0,0.1724137931034483,0.015625,0.016666666666666666,0.0,0.25925925925925924,0.016129032258064516,0.109375,0.12962962962962962,0.03225806451612903,0.014084507042253521,0.08771929824561403,0.2786885245901639,0.24528301886792453,0.23728813559322035,0.1206896551724138,0.11666666666666667,0.15,0.018518518518518517,0.13114754098360656,0.07142857142857142,0.13559322033898305,0.2830188679245283,0.5932203389830508,0.14285714285714285,0.05263157894736842,0.0,0.24615384615384617,0.21666666666666667,0.234375,0.9375,0.12727272727272726,0.03636363636363636,0.12698412698412698,0.421875,0.14754098360655737,0.1875,0.9152542372881356,0.2413793103448276,0.0,0.32075471698113206,0.13793103448275862,0.18,0.03333333333333333,0.11475409836065574,0.031746031746031744,0.23728813559322035,0.26229508196721313,0.09523809523809523,0.8545454545454545,0.06153846153846154,0.0,0.25806451612903225,0.26,0.03333333333333333,0.03508771929824561,0.06153846153846154,0.24561403508771928,0.078125,0.6896551724137931,0.13793103448275862,0.21428571428571427,0.015873015873015872,1.0,0.8360655737704918,0.015873015873015872,0.13114754098360656,0.1111111111111111,0.9322033898305084,0.08333333333333333,0.05,0.24193548387096775,0.2711864406779661,0.08064516129032258,0.03278688524590164,0.26229508196721313
TCGA-41-2571,0.11594202898550725,0.13043478260869565,0.0684931506849315,0.1076923076923077,0.078125,0.0958904109589041,0.07692307692307693,0.10606060606060606,0.10810810810810811,0.058823529411764705,0.4603174603174603,0.10606060606060606,0.06944444444444445,0.10606060606060606,0.10294117647058823,0.12121212121212122,0.11940298507462686,0.8059701492537313,0.12857142857142856,0.10294117647058823,0.4696969696969697,0.12121212121212122,0.08955223880597014,0.07692307692307693,0.09230769230769231,0.109375,0.1076923076923077,0.10294117647058823,0.1016949152542373,0.1323529411764706,0.029850746268656716,0.1076923076923077,0.07352941176470588,0.13114754098360656,0.09523809523809523,0.08695652173913043,0.5774647887323944,0.6666666666666666,0.1111111111111111,0.1111111111111111,0.11290322580645161,0.1111111111111111,0.17142857142857143,0.0625,0.08450704225352113,0.03225806451612903,0.0821917808219178,0.041666666666666664,0.17391304347826086,0.15254237288135594,0.1,0.09230769230769231,0.04477611940298507,0.08450704225352113,0.08571428571428572,0.1044776119402985,0.10294117647058823,0.01639344262295082,0.109375,0.06557377049180328,0.09523809523809523,0.8611111111111112,0.06557377049180328,0.09722222222222222,0.5223880597014925,0.06060606060606061,0.10144927536231885,0.04225352112676056,0.10606060606060606,0.09523809523809523,0.19672131147540983,0.09090909090909091,0.05970149253731343,0.5492957746478874,0.046875,0.058823529411764705,0.06756756756756757,0.1044776119402985,0.125,0.04838709677419355,0.08955223880597014,0.015151515151515152,0.13846153846153847,0.1095890410958904,0.06578947368421052,0.08823529411764706,0.08823529411764706,0.1111111111111111,0.10606060606060606,0.0625,0.06060606060606061,0.04225352112676056,0.09230769230769231,0.07352941176470588,0.15384615384615385,0.08333333333333333,0.109375,0.6029411764705882,0.08571428571428572,0.07462686567164178,0.11764705882352941,0.1111111111111111,0.10144927536231885,0.1232876712328767,0.8285714285714286,0.06060606060606061,0.06349206349206349,0.07352941176470588,0.5211267605633803,0.11940298507462686,0.16666666666666666,0.803030303030303,0.08955223880597014,0.12307692307692308,0.11290322580645161,0.1044776119402985,0.13114754098360656,0.10294117647058823,0.05970149253731343,0.09090909090909091,0.0967741935483871,0.11940298507462686,0.16417910447761194,0.7936507936507936,0.028169014084507043,0.04411764705882353,0.11428571428571428,0.06779661016949153,0.04285714285714286,0.09523809523809523,0.08571428571428572,0.078125,0.04225352112676056,0.7777777777777778,0.15873015873015872,0.09230769230769231,0.1267605633802817,0.8360655737704918,1.0,0.07142857142857142,0.15714285714285714,0.14285714285714285,0.8615384615384616,0.09722222222222222,0.08823529411764706,0.18181818181818182,0.07352941176470588,0.06944444444444445,0.10606060606060606,0.08955223880597014
TCGA-41-2572,0.028169014084507043,0.4411764705882353,0.012987012987012988,0.04411764705882353,0.058823529411764705,0.02702702702702703,0.014492753623188406,0.48484848484848486,0.04054054054054054,0.0136986301369863,0.4032258064516129,0.014705882352941176,0.0136986301369863,0.0,0.030303030303030304,0.015151515151515152,0.4852941176470588,0.014492753623188406,0.014492753623188406,0.058823529411764705,0.4492753623188406,0.014492753623188406,0.057971014492753624,0.5625,0.03125,0.42028985507246375,0.42424242424242425,0.47761194029850745,0.25,0.45588235294117646,0.0,0.03225806451612903,0.04225352112676056,0.5166666666666667,0.014925373134328358,0.028985507246376812,0.29577464788732394,0.0,0.4266666666666667,0.37681159420289856,0.5555555555555556,0.49230769230769234,0.11428571428571428,0.03125,0.02702702702702703,0.03125,0.5555555555555556,0.0,0.02857142857142857,0.576271186440678,0.4626865671641791,0.6029411764705882,0.8405797101449275,0.02631578947368421,0.0136986301369863,0.0,0.014492753623188406,0.07692307692307693,0.015625,0.03278688524590164,0.35,0.013888888888888888,0.03225806451612903,0.02702702702702703,0.3188405797101449,0.04225352112676056,0.014705882352941176,0.3918918918918919,0.4696969696969697,0.04477611940298507,0.047619047619047616,0.029411764705882353,0.014705882352941176,0.0,0.3382352941176471,0.014492753623188406,0.2191780821917808,0.45454545454545453,0.5079365079365079,0.0,0.43283582089552236,0.029411764705882353,0.04918032786885246,0.47297297297297297,0.35526315789473684,0.17142857142857143,0.014925373134328358,0.0,0.015151515151515152,0.015625,0.06944444444444445,0.014492753623188406,0.47540983606557374,0.014084507042253521,0.3484848484848485,0.014285714285714285,0.046875,0.32857142857142857,0.37142857142857144,0.34375,0.47761194029850745,0.014084507042253521,0.04285714285714286,0.028169014084507043,0.0,0.015625,0.014925373134328358,0.0273972602739726,0.3188405797101449,0.028169014084507043,0.02702702702702703,0.0,0.014925373134328358,0.4307692307692308,0.016666666666666666,0.015151515151515152,0.0,0.37681159420289856,0.014492753623188406,0.4696969696969697,0.031746031746031744,0.014492753623188406,0.4166666666666667,0.046153846153846156,0.014285714285714285,0.391304347826087,0.028169014084507043,0.05,0.17391304347826086,0.48484848484848486,0.7058823529411765,0.031746031746031744,0.1643835616438356,0.18461538461538463,0.06349206349206349,0.047619047619047616,0.4507042253521127,0.015873015873015872,0.07142857142857142,1.0,0.014285714285714285,0.2465753424657534,0.015151515151515152,0.028169014084507043,0.417910447761194,0.027777777777777776,0.03125,0.5342465753424658,0.40298507462686567,0.04477611940298507
TCGA-41-3915,0.5652173913043478,0.15492957746478872,0.7916666666666666,0.7424242424242424,0.5538461538461539,0.5616438356164384,0.8,0.15384615384615385,0.5555555555555556,0.6363636363636364,0.0,0.5454545454545454,0.6338028169014085,0.578125,0.859375,0.6060606060606061,0.20588235294117646,0.18461538461538463,0.5970149253731343,0.5441176470588235,0.03225806451612903,0.6461538461538462,0.5294117647058824,0.13636363636363635,0.5625,0.046153846153846156,0.20634920634920634,0.09090909090909091,0.22950819672131148,0.046153846153846156,0.5652173913043478,0.5833333333333334,0.5671641791044776,0.10344827586206896,0.5079365079365079,0.7101449275362319,0.02666666666666667,0.2727272727272727,0.0547945205479452,0.06944444444444445,0.14754098360655737,0.047619047619047616,0.6323529411764706,0.5873015873015873,0.8169014084507042,0.8412698412698413,0.1917808219178082,0.5416666666666666,0.8695652173913043,0.21428571428571427,0.05970149253731343,0.14516129032258066,0.0,0.704225352112676,0.8309859154929577,0.5882352941176471,0.5362318840579711,0.6129032258064516,0.5666666666666667,0.53125,0.203125,0.27692307692307694,0.6615384615384615,0.6571428571428571,0.0,0.5588235294117647,0.5714285714285714,0.21739130434782608,0.06451612903225806,0.5538461538461539,0.8524590163934426,0.5692307692307692,0.4117647058823529,0.2054794520547945,0.07936507936507936,0.7424242424242424,0.2463768115942029,0.029411764705882353,0.11475409836065574,0.5245901639344263,0.058823529411764705,0.45454545454545453,0.9365079365079365,0.056338028169014086,0.14666666666666667,0.4696969696969697,0.5303030303030303,0.559322033898305,0.5757575757575758,0.7313432835820896,0.45454545454545453,0.6323529411764706,0.06349206349206349,0.7285714285714285,0.2698412698412698,0.8088235294117647,0.6190476190476191,0.03076923076923077,0.5735294117647058,0.15625,0.15942028985507245,0.5588235294117647,0.582089552238806,0.7246376811594203,0.11594202898550725,0.5671641791044776,0.6923076923076923,0.782608695652174,0.014492753623188406,0.9130434782608695,0.875,0.09375,0.59375,0.15625,0.5344827586206896,0.8985507246376812,0.7457627118644068,0.13432835820895522,0.5223880597014925,0.03125,0.5483870967741935,0.5846153846153846,0.05555555555555555,0.01694915254237288,0.6470588235294118,0.18181818181818182,0.6029411764705882,0.559322033898305,0.2571428571428571,0.078125,0.043478260869565216,0.5333333333333333,0.5571428571428572,0.0,0.84375,0.5079365079365079,0.12857142857142856,0.13114754098360656,0.15714285714285714,0.014285714285714285,1.0,0.4861111111111111,0.09230769230769231,0.7428571428571429,0.07575757575757576,0.6875,0.5625,0.22058823529411764,0.05970149253731343,0.5671641791044776
TCGA-41-4097,0.3888888888888889,0.5,0.3466666666666667,0.39705882352941174,0.27692307692307694,0.4473684210526316,0.36231884057971014,0.5076923076923077,0.38666666666666666,0.39436619718309857,0.3333333333333333,0.36764705882352944,0.4166666666666667,0.3582089552238806,0.4375,0.373134328358209,0.5217391304347826,0.10606060606060606,0.44776119402985076,0.3283582089552239,0.029850746268656716,0.38235294117647056,0.48484848484848486,0.11940298507462686,0.4,0.44776119402985076,0.46153846153846156,0.4714285714285714,0.5161290322580645,0.4411764705882353,0.38235294117647056,0.4262295081967213,0.417910447761194,0.532258064516129,0.3125,0.2676056338028169,0.02702702702702703,0.18461538461538463,0.4657534246575342,0.4714285714285714,0.06349206349206349,0.47692307692307695,0.5942028985507246,0.296875,0.3835616438356164,0.34375,0.11267605633802817,0.3472222222222222,0.5362318840579711,0.15,0.4852941176470588,0.12698412698412698,0.32857142857142857,0.352112676056338,0.375,0.3382352941176471,0.3472222222222222,0.47619047619047616,0.421875,0.45161290322580644,0.5079365079365079,0.14285714285714285,0.36923076923076925,0.37333333333333335,0.27941176470588236,0.391304347826087,0.36231884057971014,0.0821917808219178,0.5223880597014925,0.40298507462686567,0.5161290322580645,0.47058823529411764,0.34285714285714286,0.10666666666666667,0.39705882352941174,0.3235294117647059,0.36619718309859156,0.463768115942029,0.5079365079365079,0.3333333333333333,0.45714285714285713,0.22058823529411764,0.40625,0.5342465753424658,0.44871794871794873,0.3142857142857143,0.3939393939393939,0.38333333333333336,0.36764705882352944,0.3484848484848485,0.39436619718309857,0.37681159420289856,0.484375,0.36231884057971014,0.5454545454545454,0.38571428571428573,0.38461538461538464,0.0,0.17142857142857143,0.4264705882352941,0.47761194029850745,0.4084507042253521,0.391304347826087,0.5072463768115942,0.04225352112676056,0.36507936507936506,0.34328358208955223,0.3333333333333333,0.3472222222222222,0.6,0.56,0.05970149253731343,0.45454545454545453,0.5230769230769231,0.3157894736842105,0.4264705882352941,0.3709677419354839,0.4057971014492754,0.373134328358209,0.42424242424242425,0.4032258064516129,0.4,0.4583333333333333,0.07936507936507936,0.18309859154929578,0.4411764705882353,0.4714285714285714,0.4375,0.42028985507246375,0.4696969696969697,0.22857142857142856,0.42857142857142855,0.3424657534246575,0.13432835820895522,0.5555555555555556,0.3283582089552239,0.527027027027027,0.1111111111111111,0.14285714285714285,0.2465753424657534,0.4861111111111111,1.0,0.06060606060606061,0.4225352112676056,0.463768115942029,0.4925373134328358,0.3880597014925373,0.08450704225352113,0.5373134328358209,0.42028985507246375
TCGA-41-5651,0.22388059701492538,0.0,0.1,0.15873015873015872,0.18032786885245902,0.19117647058823528,0.07936507936507936,0.0,0.20588235294117646,0.14925373134328357,0.3620689655172414,0.21666666666666667,0.046875,0.21052631578947367,0.08064516129032258,0.06451612903225806,0.0,0.8870967741935484,0.234375,0.1875,0.43548387096774194,0.21666666666666667,0.19047619047619047,0.08333333333333333,0.22580645161290322,0.03333333333333333,0.0,0.016666666666666666,0.05357142857142857,0.03225806451612903,0.11475409836065574,0.17543859649122806,0.16666666666666666,0.0,0.2413793103448276,0.15625,0.6,0.6349206349206349,0.04411764705882353,0.046875,0.1016949152542373,0.016666666666666666,0.14285714285714285,0.15,0.09230769230769231,0.06666666666666667,0.07575757575757576,0.045454545454545456,0.125,0.07547169811320754,0.03076923076923077,0.0847457627118644,0.0,0.13432835820895522,0.07575757575757576,0.2,0.22580645161290322,0.03333333333333333,0.19642857142857142,0.1724137931034483,0.08771929824561403,0.8461538461538461,0.14035087719298245,0.19117647058823528,0.46875,0.14285714285714285,0.2222222222222222,0.07575757575757576,0.034482758620689655,0.2,0.12280701754385964,0.1875,0.20967741935483872,0.5846153846153846,0.0,0.0967741935483871,0.029850746268656716,0.0,0.0,0.23333333333333334,0.03125,0.10606060606060606,0.07017543859649122,0.046875,0.014084507042253521,0.06666666666666667,0.22950819672131148,0.1864406779661017,0.21666666666666667,0.08333333333333333,0.140625,0.16923076923076924,0.03333333333333333,0.07936507936507936,0.05172413793103448,0.06153846153846154,0.22413793103448276,0.6451612903225806,0.029850746268656716,0.06557377049180328,0.0,0.22727272727272727,0.2,0.12121212121212122,0.9552238805970149,0.06779661016949153,0.016666666666666666,0.10144927536231885,0.453125,0.06349206349206349,0.08571428571428572,0.9523809523809523,0.19047619047619047,0.0,0.23636363636363636,0.047619047619047616,0.18181818181818182,0.03125,0.0967741935483871,0.04918032786885246,0.21666666666666667,0.24193548387096775,0.10606060606060606,0.8813559322033898,0.1076923076923077,0.01639344262295082,0.19672131147540983,0.20754716981132076,0.015873015873015872,0.016666666666666666,0.06153846153846154,0.16666666666666666,0.07936507936507936,0.7833333333333333,0.07017543859649122,0.20634920634920634,0.015384615384615385,0.9322033898305084,0.8615384615384616,0.015151515151515152,0.09230769230769231,0.06060606060606061,1.0,0.046875,0.031746031746031744,0.18032786885245902,0.21311475409836064,0.03076923076923077,0.05,0.18461538461538463
TCGA-76-4925,0.4,0.21739130434782608,0.5394736842105263,0.5230769230769231,0.3235294117647059,0.3466666666666667,0.5735294117647058,0.16176470588235295,0.352112676056338,0.43661971830985913,0.0,0.34782608695652173,0.9166666666666666,0.30303030303030304,0.6307692307692307,0.835820895522388,0.18840579710144928,0.11940298507462686,0.34328358208955223,0.3333333333333333,0.015151515151515152,0.42028985507246375,0.4117647058823529,0.05970149253731343,0.34375,0.029850746268656716,0.14705882352941177,0.08571428571428572,0.18461538461538463,0.028985507246376812,0.35294117647058826,0.390625,0.42028985507246375,0.0967741935483871,0.3125,0.4852941176470588,0.013888888888888888,0.4090909090909091,0.0,0.056338028169014086,0.016129032258064516,0.029850746268656716,0.4857142857142857,0.3968253968253968,0.5733333333333334,0.609375,0.07142857142857142,0.7916666666666666,0.6197183098591549,0.16129032258064516,0.043478260869565216,0.0625,0.014492753623188406,0.4794520547945205,0.5571428571428572,0.4,0.25757575757575757,0.5074626865671642,0.35384615384615387,0.3968253968253968,0.06349206349206349,0.18571428571428572,0.4307692307692308,0.4189189189189189,0.0,0.3939393939393939,0.30434782608695654,0.38028169014084506,0.03076923076923077,0.35294117647058826,0.6507936507936508,0.39436619718309857,0.6268656716417911,0.09722222222222222,0.058823529411764705,0.5142857142857142,0.5068493150684932,0.028169014084507043,0.14754098360655737,0.3333333333333333,0.014084507042253521,0.27941176470588236,0.609375,0.027777777777777776,0.2987012987012987,0.3142857142857143,0.3382352941176471,0.38333333333333336,0.3283582089552239,0.5074626865671642,0.3055555555555556,0.47058823529411764,0.06451612903225806,0.5277777777777778,0.20588235294117646,0.6111111111111112,0.390625,0.0,0.30434782608695654,0.045454545454545456,0.14705882352941177,0.34285714285714286,0.35714285714285715,0.5142857142857142,0.04225352112676056,0.8225806451612904,0.9545454545454546,0.5633802816901409,0.013888888888888888,0.7536231884057971,0.6578947368421053,0.03076923076923077,0.3484848484848485,0.16417910447761194,0.31666666666666665,0.6571428571428571,0.5714285714285714,0.07246376811594203,0.8382352941176471,0.015384615384615385,0.34375,0.37681159420289856,0.08450704225352113,0.015384615384615385,0.4027777777777778,0.15942028985507245,0.35714285714285715,0.3387096774193548,0.4852941176470588,0.09523809523809523,0.0,0.3548387096774194,0.5138888888888888,0.0,0.6307692307692307,0.3125,0.0958904109589041,0.08333333333333333,0.09722222222222222,0.028169014084507043,0.7428571428571429,0.4225352112676056,0.046875,1.0,0.029850746268656716,0.44285714285714284,0.3333333333333333,0.11267605633802817,0.029850746268656716,0.34782608695652173
TCGA-76-4926,0.13846153846153847,0.8333333333333334,0.056338028169014086,0.1076923076923077,0.11475409836065574,0.21739130434782608,0.05970149253731343,0.8387096774193549,0.14705882352941177,0.07142857142857142,0.4745762711864407,0.2222222222222222,0.057971014492753624,0.20634920634920634,0.07936507936507936,0.07575757575757576,0.7910447761194029,0.0,0.2222222222222222,0.140625,0.0,0.14285714285714285,0.203125,0.015384615384615385,0.09230769230769231,0.8852459016393442,0.7878787878787878,0.8656716417910447,0.6271186440677966,0.9104477611940298,0.1791044776119403,0.26785714285714285,0.10294117647058823,0.8771929824561403,0.1694915254237288,0.08955223880597014,0.0,0.015625,0.9577464788732394,0.7857142857142857,0.015625,0.9180327868852459,0.359375,0.1724137931034483,0.057971014492753624,0.06666666666666667,0.014925373134328358,0.07352941176470588,0.11764705882352941,0.0,0.8769230769230769,0.0,0.5522388059701493,0.07142857142857142,0.07352941176470588,0.21875,0.21875,0.2698412698412698,0.1694915254237288,0.16666666666666666,0.8225806451612904,0.015384615384615385,0.171875,0.136986301369863,0.6153846153846154,0.125,0.2153846153846154,0.028985507246376812,0.890625,0.15625,0.0847457627118644,0.15873015873015872,0.12307692307692308,0.07246376811594203,0.676923076923077,0.05970149253731343,0.5428571428571428,0.7941176470588235,0.8548387096774194,0.14516129032258066,0.9552238805970149,0.109375,0.09523809523809523,0.9428571428571428,0.6756756756756757,0.3384615384615385,0.15873015873015872,0.27586206896551724,0.25396825396825395,0.07936507936507936,0.2537313432835821,0.09375,0.9016393442622951,0.029850746268656716,0.6612903225806451,0.07462686567164178,0.12698412698412698,0.0,0.045454545454545456,0.7611940298507462,0.8461538461538461,0.22727272727272727,0.12121212121212122,0.18181818181818182,0.043478260869565216,0.13114754098360656,0.03125,0.058823529411764705,0.5285714285714286,0.07575757575757576,0.1388888888888889,0.045454545454545456,0.25806451612903225,0.8305084745762712,0.12962962962962962,0.08823529411764706,0.19672131147540983,0.671875,0.07692307692307693,0.9384615384615385,0.22950819672131148,0.1935483870967742,0.8333333333333334,0.1694915254237288,0.08955223880597014,0.7424242424242424,0.17647058823529413,0.17857142857142858,0.5625,0.8484848484848485,0.4782608695652174,0.13114754098360656,0.18181818181818182,0.31746031746031744,0.14754098360655737,0.13559322033898305,0.8939393939393939,0.05,0.08823529411764706,0.417910447761194,0.07575757575757576,0.463768115942029,0.031746031746031744,0.029850746268656716,1.0,0.2,0.125,0.0,0.9365079365079365,0.15151515151515152
TCGA-76-4927,0.7794117647058824,0.09375,0.527027027027027,0.6666666666666666,0.71875,0.835820895522388,0.4925373134328358,0.09090909090909091,0.8,0.5857142857142857,0.03333333333333333,0.859375,0.5507246376811594,0.8524590163934426,0.5384615384615384,0.5873015873015873,0.09090909090909091,0.13636363636363635,0.9242424242424242,0.7777777777777778,0.029850746268656716,0.803030303030303,0.8095238095238095,0.2698412698412698,0.7419354838709677,0.15873015873015872,0.125,0.045454545454545456,0.41379310344827586,0.15151515151515152,0.7619047619047619,0.9107142857142857,0.7352941176470589,0.19642857142857142,0.8461538461538461,0.6119402985074627,0.029850746268656716,0.23333333333333334,0.17391304347826086,0.25757575757575757,0.2833333333333333,0.14754098360655737,0.7714285714285715,0.639344262295082,0.5070422535211268,0.46551724137931033,0.22388059701492538,0.4782608695652174,0.8529411764705882,0.25862068965517243,0.16417910447761194,0.28125,0.04477611940298507,0.4927536231884058,0.5223880597014925,0.7777777777777778,0.835820895522388,0.36923076923076925,0.7966101694915254,0.7288135593220338,0.32786885245901637,0.23529411764705882,0.6666666666666666,0.6944444444444444,0.03076923076923077,0.7384615384615385,0.8888888888888888,0.2602739726027397,0.18461538461538463,0.8125,0.7719298245614035,0.8507462686567164,0.6212121212121212,0.2857142857142857,0.047619047619047616,0.5074626865671642,0.14705882352941177,0.11764705882352941,0.06557377049180328,0.7586206896551724,0.21212121212121213,0.625,0.6610169491525424,0.16417910447761194,0.0547945205479452,0.3333333333333333,0.7936507936507936,0.9298245614035088,0.8412698412698413,0.5714285714285714,0.5588235294117647,0.6,0.10526315789473684,0.4925373134328358,0.38095238095238093,0.47058823529411764,0.8305084745762712,0.03225806451612903,0.3787878787878788,0.2857142857142857,0.109375,0.8955223880597015,0.7424242424242424,0.9253731343283582,0.21428571428571427,0.6166666666666667,0.4153846153846154,0.4492753623188406,0.07246376811594203,0.734375,0.8285714285714286,0.22580645161290322,0.8852459016393442,0.08064516129032258,0.8620689655172413,0.6031746031746031,0.7966101694915254,0.13636363636363635,0.5625,0.18181818181818182,0.8225806451612904,0.8125,0.12121212121212122,0.11666666666666667,0.43478260869565216,0.1323529411764706,0.7857142857142857,0.7758620689655172,0.203125,0.06557377049180328,0.07575757575757576,0.7096774193548387,0.3333333333333333,0.046153846153846156,0.7868852459016393,0.7333333333333333,0.2,0.24193548387096775,0.18181818181818182,0.027777777777777776,0.6875,0.4925373134328358,0.18032786885245902,0.44285714285714284,0.2,1.0,0.819672131147541,0.17647058823529413,0.2153846153846154,0.8412698412698413
TCGA-76-4928,0.9354838709677419,0.06153846153846154,0.6901408450704225,0.7049180327868853,0.8852459016393442,0.9402985074626866,0.6515151515151515,0.08333333333333333,0.9705882352941176,0.7846153846153846,0.03389830508474576,0.9230769230769231,0.4626865671641791,0.95,0.6031746031746031,0.5,0.06451612903225806,0.14754098360655737,0.9016393442622951,0.9354838709677419,0.016129032258064516,0.8387096774193549,0.90625,0.3880597014925373,0.9558823529411765,0.21666666666666667,0.06557377049180328,0.07936507936507936,0.39655172413793105,0.203125,0.7301587301587301,0.8771929824561403,0.9375,0.14814814814814814,0.9322033898305084,0.7846153846153846,0.058823529411764705,0.11290322580645161,0.13432835820895522,0.3333333333333333,0.2807017543859649,0.20634920634920634,0.5967741935483871,0.746031746031746,0.6716417910447762,0.6349206349206349,0.3181818181818182,0.45454545454545453,0.703125,0.21818181818181817,0.24193548387096775,0.36065573770491804,0.0625,0.696969696969697,0.676923076923077,0.7868852459016393,0.9206349206349206,0.45161290322580644,0.9661016949152542,0.9491525423728814,0.35,0.13636363636363635,0.7288135593220338,0.8591549295774648,0.015625,0.9682539682539683,0.9545454545454546,0.3181818181818182,0.22950819672131148,1.0,0.6491228070175439,0.9344262295081968,0.703125,0.26865671641791045,0.08333333333333333,0.734375,0.043478260869565216,0.1746031746031746,0.10344827586206896,0.9482758620689655,0.15873015873015872,0.7076923076923077,0.6666666666666666,0.13636363636363635,0.09722222222222222,0.4375,0.9365079365079365,0.9272727272727272,0.9333333333333333,0.603448275862069,0.6615384615384615,0.8181818181818182,0.16666666666666666,0.6818181818181818,0.3898305084745763,0.6307692307692307,0.984375,0.03278688524590164,0.39705882352941174,0.31746031746031744,0.1,0.9264705882352942,0.953125,0.7941176470588235,0.22857142857142856,0.532258064516129,0.3,0.6153846153846154,0.07246376811594203,0.6307692307692307,0.6716417910447762,0.22580645161290322,0.9166666666666666,0.08620689655172414,0.9491525423728814,0.5846153846153846,0.7017543859649122,0.15873015873015872,0.5483870967741935,0.15873015873015872,0.9491525423728814,0.984375,0.0625,0.13114754098360656,0.5522388059701493,0.03076923076923077,0.9393939393939394,1.0,0.1774193548387097,0.15517241379310345,0.1044776119402985,0.9122807017543859,0.417910447761194,0.031746031746031744,0.6610169491525424,0.8852459016393442,0.12121212121212122,0.2711864406779661,0.07352941176470588,0.03125,0.5625,0.3880597014925373,0.21311475409836064,0.3333333333333333,0.125,0.819672131147541,1.0,0.2714285714285714,0.14754098360655737,0.9848484848484849
TCGA-76-4929,0.2463768115942029,0.04411764705882353,0.3466666666666667,0.25757575757575757,0.3333333333333333,0.20833333333333334,0.35294117647058826,0.03076923076923077,0.2676056338028169,0.3333333333333333,0.18032786885245902,0.2028985507246377,0.0958904109589041,0.203125,0.37142857142857144,0.04411764705882353,0.014492753623188406,0.08571428571428572,0.1791044776119403,0.30303030303030304,0.5538461538461539,0.2537313432835821,0.208955223880597,0.8382352941176471,0.25,0.03076923076923077,0.029850746268656716,0.029850746268656716,0.09230769230769231,0.014705882352941176,0.15942028985507245,0.15384615384615385,0.2535211267605634,0.01694915254237288,0.20967741935483872,0.2638888888888889,0.4225352112676056,0.03076923076923077,0.0,0.10144927536231885,0.8709677419354839,0.028985507246376812,0.07246376811594203,0.28125,0.3972602739726027,0.38095238095238093,0.9,0.12857142857142856,0.16176470588235295,0.8392857142857143,0.04225352112676056,0.828125,0.4057971014492754,0.35135135135135137,0.391304347826087,0.2,0.21739130434782608,0.26865671641791045,0.2537313432835821,0.24615384615384617,0.03333333333333333,0.014084507042253521,0.3387096774193548,0.2602739726027397,0.0,0.2857142857142857,0.22857142857142856,0.5428571428571428,0.04477611940298507,0.25,0.22950819672131148,0.2318840579710145,0.07246376811594203,0.08333333333333333,0.045454545454545456,0.38235294117647056,0.028169014084507043,0.07462686567164178,0.046875,0.25,0.0,0.2727272727272727,0.265625,0.013333333333333334,0.025974025974025976,0.2318840579710145,0.21739130434782608,0.1774193548387097,0.19402985074626866,0.25,0.1388888888888889,0.2898550724637681,0.047619047619047616,0.32857142857142857,0.109375,0.30985915492957744,0.25,0.40298507462686567,0.6944444444444444,0.1044776119402985,0.029850746268656716,0.15492957746478872,0.28169014084507044,0.18055555555555555,0.04,0.04477611940298507,0.15384615384615385,0.34285714285714286,0.02702702702702703,0.23943661971830985,0.14864864864864866,0.014492753623188406,0.19696969696969696,0.029850746268656716,0.24193548387096775,0.3076923076923077,0.1111111111111111,0.04285714285714286,0.07462686567164178,0.0,0.25396825396825395,0.19696969696969696,0.0,0.015151515151515152,0.29577464788732394,0.028169014084507043,0.25,0.2857142857142857,0.057971014492753624,0.03125,0.4142857142857143,0.3492063492063492,0.2571428571428571,0.0,0.18461538461538463,0.3283582089552239,0.0,0.08064516129032258,0.06944444444444445,0.5342465753424658,0.22058823529411764,0.08450704225352113,0.03076923076923077,0.11267605633802817,0.0,0.17647058823529413,0.2714285714285714,1.0,0.0,0.2608695652173913
TCGA-76-4931,0.12121212121212122,0.7727272727272727,0.028169014084507043,0.12698412698412698,0.140625,0.2318840579710145,0.015151515151515152,0.8,0.14705882352941177,0.06153846153846154,0.5333333333333333,0.23333333333333334,0.07462686567164178,0.20634920634920634,0.04918032786885246,0.12307692307692308,0.7936507936507936,0.016666666666666666,0.23880597014925373,0.15151515151515152,0.0,0.09375,0.22950819672131148,0.016129032258064516,0.13114754098360656,0.9253731343283582,0.7796610169491526,0.859375,0.5964912280701754,0.9180327868852459,0.20634920634920634,0.2413793103448276,0.15873015873015872,0.8947368421052632,0.20967741935483872,0.09090909090909091,0.0,0.03333333333333333,0.9857142857142858,0.7714285714285715,0.0,0.9152542372881356,0.359375,0.11666666666666667,0.028169014084507043,0.015873015873015872,0.0,0.11594202898550725,0.12121212121212122,0.0,0.8939393939393939,0.015625,0.5396825396825397,0.058823529411764705,0.04411764705882353,0.19117647058823528,0.22388059701492538,0.22580645161290322,0.16071428571428573,0.13559322033898305,0.8275862068965517,0.03076923076923077,0.1044776119402985,0.14492753623188406,0.5645161290322581,0.13846153846153847,0.21875,0.027777777777777776,0.9032258064516129,0.14285714285714285,0.06779661016949153,0.2222222222222222,0.171875,0.07246376811594203,0.7076923076923077,0.03076923076923077,0.5294117647058824,0.8,0.8,0.15517241379310345,0.9852941176470589,0.11290322580645161,0.06451612903225806,0.9545454545454546,0.6438356164383562,0.3333333333333333,0.14754098360655737,0.2631578947368421,0.23076923076923078,0.03225806451612903,0.203125,0.09375,0.9016393442622951,0.043478260869565216,0.6721311475409836,0.029850746268656716,0.16393442622950818,0.0,0.015384615384615385,0.7580645161290323,0.8,0.23809523809523808,0.16923076923076924,0.16417910447761194,0.04477611940298507,0.16393442622950818,0.031746031746031744,0.014925373134328358,0.5588235294117647,0.06153846153846154,0.14705882352941177,0.045454545454545456,0.23076923076923078,0.7741935483870968,0.16363636363636364,0.045454545454545456,0.22033898305084745,0.6666666666666666,0.08064516129032258,0.9696969696969697,0.23214285714285715,0.21212121212121213,0.8656716417910447,0.16666666666666666,0.04477611940298507,0.7424242424242424,0.19117647058823528,0.1724137931034483,0.5692307692307692,0.8524590163934426,0.5303030303030303,0.11475409836065574,0.19117647058823528,0.3389830508474576,0.18032786885245902,0.16666666666666666,0.9242424242424242,0.03278688524590164,0.10606060606060606,0.40298507462686567,0.05970149253731343,0.5373134328358209,0.05,0.029850746268656716,0.9365079365079365,0.2153846153846154,0.14754098360655737,0.0,1.0,0.14516129032258066
TCGA-76-4932,0.9411764705882353,0.07462686567164178,0.6666666666666666,0.7076923076923077,0.859375,0.9594594594594594,0.625,0.07692307692307693,0.9855072463768116,0.7910447761194029,0.03389830508474576,0.921875,0.43478260869565216,0.95,0.59375,0.46153846153846156,0.058823529411764705,0.13846153846153847,0.90625,0.9384615384615385,0.0,0.8307692307692308,0.9104477611940298,0.4,0.9692307692307692,0.20634920634920634,0.07575757575757576,0.1044776119402985,0.43548387096774194,0.19402985074626866,0.734375,0.9180327868852459,0.8805970149253731,0.12727272727272726,0.9333333333333333,0.7313432835820896,0.04285714285714286,0.14285714285714285,0.125,0.3181818181818182,0.23333333333333334,0.1875,0.6153846153846154,0.7540983606557377,0.6086956521739131,0.6451612903225806,0.27941176470588236,0.4084507042253521,0.7246376811594203,0.24074074074074073,0.25757575757575757,0.36363636363636365,0.07042253521126761,0.6811594202898551,0.6376811594202898,0.7419354838709677,0.9253731343283582,0.40625,0.9836065573770492,0.9354838709677419,0.3225806451612903,0.10606060606060606,0.7096774193548387,0.9014084507042254,0.015151515151515152,0.9696969696969697,0.9393939393939394,0.2898550724637681,0.22580645161290322,0.984375,0.6666666666666666,0.9230769230769231,0.6307692307692307,0.32857142857142857,0.0967741935483871,0.6911764705882353,0.04285714285714286,0.1791044776119403,0.0967741935483871,0.9344262295081968,0.15151515151515152,0.7014925373134329,0.65,0.15942028985507245,0.09210526315789473,0.4411764705882353,0.9692307692307692,0.8983050847457628,0.9242424242424242,0.6666666666666666,0.7058823529411765,0.8125,0.13333333333333333,0.6764705882352942,0.40625,0.6086956521739131,0.9682539682539683,0.045454545454545456,0.37681159420289856,0.3125,0.1076923076923077,0.9154929577464789,0.9558823529411765,0.835820895522388,0.2676056338028169,0.45161290322580644,0.2857142857142857,0.6056338028169014,0.07042253521126761,0.6417910447761194,0.676056338028169,0.25757575757575757,0.9076923076923077,0.0967741935483871,0.9322033898305084,0.6307692307692307,0.6896551724137931,0.16923076923076924,0.5522388059701493,0.16666666666666666,0.9508196721311475,0.9516129032258065,0.04477611940298507,0.15151515151515152,0.5633802816901409,0.046153846153846156,0.9411764705882353,0.9824561403508771,0.13636363636363635,0.1746031746031746,0.09859154929577464,0.9375,0.4,0.03125,0.6885245901639344,0.8888888888888888,0.125,0.26229508196721313,0.08955223880597014,0.04477611940298507,0.5671641791044776,0.42028985507246375,0.18461538461538463,0.34782608695652173,0.15151515151515152,0.8412698412698413,0.9848484848484849,0.2608695652173913,0.14516129032258066,1.0
